3998426
3921382
3931478
4000162
3999668
3998758
3998564
3999239
4000415
4000388
4000385
4000355
3991612
4000293
3996376
4000262
4000247
3998151
3998146
4000123
2980353
3991124
3996569
3974497
4000030
3987268
3876776
3869177
3869178
3986953
3998609
3958940
3998610
3998612
3998618
3998621
3869191
3998625
3998633
3990779
3994406
3869155
3869147
3963546
3821883
3963448
3958820
3869106
3963501
3944682
3978944
3998689
3818243
3992720
3982814
3889954
3971484
3971487
3951563
3951584
3937018
3943491
3774238
3860915
3860946
3860917
3754716
3904543
3964806
3945951
3884523
3869232
3880370
3856293
3625526
3589942
3635522
2007577
3937722
3811230
3294596
3942896
3943211
3671355
3837573
3943860
3935304
3379161
3944412
3893901
3941619
2944794
3914810
3897213
3896124
3377007
3836272
3708103
3932363
2637196
2991876
3926331
2389049
2143821
3603400
2118659
3927442
3448567
3925517
3929193
3946942
3947038
3848026
3776636
3947988
3735856
3928596
3480568
3950418
3956084
3722483
2031523
3938266
3866038
3629781
3960168
3875289
3854801
3975001
3963733
3229359
3964297
3964425
3958898
3975442
3975997
3728958
3978788
3923802
3995500
3995532
3995584
3995612
3342459
3980975
3915826
3995661
3992753
3915824
3974798
3992723
3993078
3995771
3995772
3995773
3995774
3995776
3995777
3995780
3995797
3995802
3995848
3985585
3996045
3996297
3996300
3996303
3996305
3996308
3966867
3921896
3923781
3996196
3996156
3996257
3996279
3996288
3996293
3996295
3980889
3860880
3966852
3988765
3931937
3998656
3988537
3287106
3996452
3982805
3956018
3953793
3988533
3988532
3878061
3973330
3973546
3193085
2686568
3958646
3880589
3933703
3962712
3924618
3913862
3630226
3716201
3966448
3908063
3965629
3702727
3970115
3941991
3878944
3887297
3966053
3991907
3749650
3991997
3992064
3750976
3992711
3992737
3669810
3899468
3921765
3108075
3892081
3387124
3948657
3747017
2638648
3943979
3984860
3984872
3984874
3984879
3672171
3985974
3983993
3822768
3984692
3983493
3995324
3881421
3995023
3995025
3995036
3995038
3995039
3995642
3995644
3778598
3951571
3957601
3956477
3994775
3994790
3994814
3995085
3995122
3995174
3995179
3994544
3994556
3994558
3994577
3995620
3995628
3994621
3848379
3959953
1269
3795145
3955516
3573748
3970742
2031768
3866646
3716218
3970460
3975480
3975529
3976546
3993103
3993298
3989497
3992844
3409614
3957639
3315655
3962665
3993920
3993953
3994394
3994056
3994086
3720475
3957667
3844448
3866556
3610598
3867248
2635325
3386813
3822832
1815753
3924623
3927954
3963661
3968874
3332826
3960990
3967727
3968469
3991874
3991961
3992069
3992683
3992718
3992742
3992744
3992749
3508293
3910307
3992654
3992661
3923129
3991421
3991460
3991512
3991533
3991267
3943650
3991671
3991048
3966317
3411014
3967323
3982030
3982513
3982550
3983201
3982925
3982800
3977457
3977459
3981088
3988775
3988790
3988797
3988802
3988528
3988531
3988657
3988738
3990719
3990550
3866799
3872658
3945739
3945775
3872125
3915027
3909806
3928858
3988019
2393837
3987054
3987150
3987152
3986964
3957170
3758789
3986749
3986753
3986125
3986144
3966552
3966446
3971904
3979706
3980054
3981361
3961567
3961570
3961752
3980791
3996491
3877133
3986694
3986690
3861855
3992760
3971476
3842573
3996504
3895700
3964352
3964345
3964335
3992702
3984584
3910213
3947381
3947388
3984586
3996514
3921825
3713808
3946322
3864150
3996561
3996605
3996611
3996612
3996613
3996619
3992734
3980483
3996854
3996855
3996857
3993096
3996877
3997430
3996622
3980482
3986484
3936242
3954284
3960261
3946326
3996527
3996559
3980499
3989093
3992997
3992999
3993023
3120287
3966860
3861724
3977500
3953788
3869043
3923238
3996272
3996274
3996286
3856220
3944634
3944636
3877127
3942204
3964343
3964351
3992705
3980759
3996053
3978274
3977474
3977422
3977427
3977436
3977437
3929455
3868915
3972103
3914454
3851684
3851675
3936619
3982792
3971486
3951591
3984581
3874748
3945939
3754868
3901920
3997658
3780522
3888023
3982542
3507462
3982590
3963018
3984247
3253741
3984689
3939629
3984855
3984866
3958003
3986361
3986414
3130843
3919616
3932875
3985049
3985194
3755495
3957654
3977719
3927283
3939316
3997453
3764387
3981668
3993578
3997552
3997555
3990131
3997507
3997510
3932612
3927267
3997432
3957659
3755498
3967771
3864003
3864005
3962524
3972123
3903631
3943402
3882523
3943390
3923792
3882503
3889002
3882498
3932737
3996907
3882454
3882455
3785380
3996916
3997369
3755050
3997231
3997334
3996892
3981769
3917594
3993165
3972760
3989422
3972615
3986032
3986030
3957519
3981754
3957517
3957476
3850062
3931858
3896230
3977161
3996994
3997110
3997115
3993094
3969063
3996887
2717576
3897389
3985358
3993092
2902734
3996549
3895643
3992637
3994414
3965613
3957150
3888289
3936198
3941462
3941656
2424918
3937723
3370814
3937871
2071418
3868148
3939193
3769303
2335442
3512808
3874633
2607458
3109649
3751216
3916041
3911319
3668235
3654616
3928916
3870686
3930653
3931474
3213960
3926501
3656270
3927562
3898296
3932632
3883896
3933139
3888136
3922861
3678160
3381773
2224871
3897211
3917790
3883823
3920356
3870205
3870185
3671647
3921141
3921757
3998762
3997833
3996980
3997615
3997585
3998059
3998103
3997588
3988541
3890337
3997172
3877905
3981932
3981935
3981937
3981938
3981014
3981045
3974043
3981422
3978673
3948695
3976605
3977149
3977398
3977771
3853537
2650830
3981660
3995634
3951592
3974804
3981033
3995030
3995037
2872980
3995610
3994603
3994650
3994687
3995791
3995807
3628485
3682830
3995168
3663770
3985587
3980884
3931903
3951641
3967579
3981034
3971480
3996469
3936930
3996461
3996450
3992767
3977985
3977991
3978058
3978279
3978588
3986860
3341178
3906835
3986578
3988779
3988784
3988787
3988793
3988707
3942956
3987982
3596566
2226059
1967734
3998246
3998247
3998237
3818201
3963460
3998285
3998547
3909820
3998453
3817628
3519293
3827891
3827892
3827813
3972101
3861793
3882021
3954244
3719342
3982020
3930734
3998456
3880603
3993873
3998480
3998175
3998117
3913733
3998327
3998081
3998411
3932186
3947706
3942704
3952191
3954240
3994698
3994660
3958808
3992196
3992252
3980136
3812092
3939648
3898205
3992667
3992752
3988599
3991234
3991289
3991317
3958888
3870009
3992489
3992607
3977036
3992656
3993207
3993236
3993274
3991498
3991517
3991953
3992006
3991709
3991749
3992942
3901293
3998226
3968829
3998585
3921909
3998603
3876778
3753880
3895661
3986950
3998608
3986969
3895664
3921918
3944793
3998614
3994415
3869189
3939436
3974148
3998676
3998602
3998907
3998881
3869207
3974162
3876804
3746115
3746117
3783266
3978798
3978796
3978803
3986946
3884468
3986945
3869136
3869149
3921895
3998582
3979395
3998687
3951514
3917421
3982274
3977445
3977449
3977452
3977455
3990474
3990557
3990589
3737023
3737040
3832969
3990139
3393594
3996582
3996603
3996609
3992968
3906902
3938579
3868450
2786671
3996194
3996180
3996269
3996276
3997171
3997251
3997310
3997454
3985991
3985988
3993609
3929323
3985977
3888993
3931843
3977153
3931851
3993171
3882510
3962519
3990804
3996047
3996795
3925830
3768082
3961643
3977438
3977419
3929459
3996489
3877125
3856235
3856231
3989183
3995787
3995800
3960658
3985589
3977187
3878057
3992632
3997667
3997709
3996314
3996320
3947200
3997457
3993586
3850916
3863986
3864017
3755514
3864004
3864006
3864048
3838312
3972759
3927285
3838324
3938648
3997565
3882485
3956557
2620394
3882466
3882469
3952723
3882515
3882499
3962522
3882524
3882520
3956559
3981689
3927312
3882462
3996912
3997605
3997587
3997591
3283251
3998057
3930117
3998106
3998148
3998172
3999065
3999081
3999083
3996365
3998771
3999097
3998866
3998626
3998566
3892621
3998966
3892629
3998967
3892632
3892646
3892658
3954395
3954416
3999038
3999041
3998348
3998350
3998744
3998718
3892613
3507452
3999133
3980890
3951646
3942933
3985583
3931909
3988757
3931896
3931888
3977185
3980887
3889715
3971488
3935954
3848292
3996999
3997074
3998272
3998094
3984828
3993020
3993098
3993101
3978275
3989334
3977651
3974136
3998047
3997964
3998192
3998234
3954339
3961696
3998431
3994704
3961209
3998486
3890328
3890338
3901643
3950804
3190398
3988543
3890308
3997956
3997950
3996457
3823768
3996545
3951562
3713495
3344923
3978722
3735466
3796806
3928453
3984849
3942703
3964010
3954306
3994663
3846698
3745983
3878841
3998645
3969030
3978804
3978806
3958803
3998488
3982021
3998490
3973633
3963395
3944912
3754864
3998499
3993856
3957142
3986948
3998586
3998589
3869165
3869166
3999976
3999963
3929830
3638844
3958491
3984512
3984510
3941766
3999906
3999886
3942412
3986675
3992345
3984459
3993275
3999776
3999738
3997526
3999645
3999643
3985822
3884228
3999616
3999609
3984776
3999596
3967534
3982417
3982415
3973169
3812195
1900130
3956159
3946160
3955232
3899732
3352881
3957264
3960167
3960236
3591498
3959391
3959952
3738015
3930346
3930419
3931410
3931475
3931476
3932012
3926664
3919676
1968981
2835140
3294595
3863917
3241021
2037946
3932381
3916017
3702617
3915920
3368571
3883736
3943981
3943982
3884255
2667310
3924258
3582634
3915734
3110891
3953760
3657943
2845663
3954184
3920968
3915685
2827582
3907252
3385630
3925211
3909718
3650547
2407585
3941863
3823489
3014209
3839240
3940775
3382121
3942895
3936921
3894628
3941232
3776603
3970457
3385716
3573747
3866644
3866642
3866627
3716199
3824152
3582562
3760318
3974982
3969115
3877942
3930738
3856891
3966266
3994220
3901262
3867097
3994347
3915587
3993410
3993522
3993657
3956483
2355122
3689964
3994596
1963777
3999040
3999042
3972854
3998879
3999063
3999079
3999080
3998732
3999060
3998780
3892589
3892591
3892601
3892627
3990948
3990954
3954382
3998984
3996459
3866789
3861656
3989130
3946558
3989181
3966996
3951488
3951498
3972134
3983523
3983561
3821493
3980027
3983947
3982692
3982694
3982750
3982779
3982865
3982328
3998019
3997945
3776114
3930109
3998036
3930111
3835585
3997958
3997654
3997665
3997669
3997671
3997672
3961003
3998056
3984312
3984310
3984299
3984183
3984180
3984103
3984093
3984089
3517232
3984081
3984016
3976947
3973979
3983768
3983764
3983762
3921501
3978101
3864751
3937388
3999287
3999283
3999276
3999275
3999274
3999271
3999269
3999264
3999217
3903471
3999165
3984779
3978207
3957641
3994236
3998902
3994224
3998831
3998743
3998733
3998722
3998700
3998694
3998690
3998686
3998680
3998678
3998664
3998662
3998655
3998638
3998611
3998604
3998598
3998583
3998532
3998514
3998510
3998503
3998493
3998485
3998482
3998477
3998475
3998471
3998465
3998455
3998446
3998443
3998434
3998429
3998382
3998381
3985841
3977924
3995290
3984455
3984452
3984450
3985322
3985419
3981346
3598742
3981634
3980746
3980249
3953604
3938371
3977417
3910167
3910177
3910173
3971287
3959552
3846424
3991259
3992423
3851440
3960539
3995857
3995859
3995865
3995870
3995959
3612904
3978423
3991777
3997170
3997175
3997195
3997197
3997206
3997222
3997013
3997124
3992696
3997072
3997098
3994673
3997254
3997240
3997274
3997082
3995593
3995592
3995531
3995536
3995577
3995575
3995569
3995637
3996127
3996188
3996190
3996239
3996087
3996215
3996266
3996265
3996031
3996026
3996038
3996367
3997564
3997567
3997562
3997674
3993592
3997598
3987837
3996641
3996648
3820160
3830325
3917415
3854116
3996813
3976177
3980832
3992762
3977648
3994198
3905114
3911733
3966896
3905111
3905116
3994529
3994804
3994706
3986536
3990186
3977182
3977181
3936732
3936730
3996495
3936639
3996484
3980188
3918710
3956986
3901942
3995884
3964792
3945957
3975469
3821901
3960536
3982886
3744518
3984987
3980788
3971492
3869143
3976109
3820000
3870299
3996548
3988989
3992614
3745739
3913725
3951438
3951434
3884502
3957145
3996568
3996571
3985258
3910175
3978337
3983080
3980243
3980253
3980987
3981297
3981356
3957553
3957555
3993167
3851692
3996446
3996476
3930702
3988739
3890316
3890322
3890325
3917287
3890334
3946921
3081652
3958346
3977752
3899318
3977975
3984644
3939626
3939627
3975250
3610226
3983483
3994162
3994917
3994949
3995027
3995029
3995073
3994770
3994787
3994806
3994864
3994408
3994463
3994618
3994684
3926394
3772856
3994598
3998158
3998883
3998231
3940407
3959570
3959576
3969753
3969754
3998958
3998961
3892594
3998965
3892620
3998925
3978923
3978947
3978949
3978951
3991123
3840402
3954345
3881420
3963110
3812096
3980231
3986126
3986146
3987091
3987129
3987145
2766222
2931875
3957293
3823424
3823423
3396136
3600137
3986915
3986984
3986688
3984869
3984871
3984875
3984877
3950750
3957609
3986084
3998118
3998114
3998302
3998051
3998053
3731457
3998102
3998177
3997951
3766927
3874613
3997926
3997929
3997959
3998197
3998210
3997650
3997697
3997788
3879600
3910355
3989054
3989055
3854079
3860922
3982176
3987692
3921077
3893244
3873911
3977464
3988800
3988510
3994658
3864042
3972768
3910178
3838322
3997557
3755051
3997233
3996959
3996974
3997157
3997597
3997600
3997609
3949997
3997589
3993591
3864009
3962577
3755502
3957657
3863989
3864011
3755487
3755491
3981705
3957655
3997595
3999132
3998811
3999061
3981031
3996454
3981049
3943504
3754856
3880610
3901948
3930764
3880622
3852328
3997662
3996575
3961977
3996577
3889363
3966621
3989010
3971982
3922314
3984273
3999499
3999476
3999437
3999433
3999431
3999429
3999428
3999427
3999418
3999417
3999415
3999406
3999404
3999402
3999396
3999385
3999383
3999377
3999361
3999340
3999326
3999300
3999297
3999295
3999293
3934142
3970184
3993077
3993029
3992941
3990119
3612290
3833234
3992529
3992526
3992524
3992480
3948878
3981447
3843741
3992275
3992251
3992237
3992223
3992189
3987300
3992044
3775771
3867400
3992009
3991980
3924490
3934162
3987401
3984957
3988666
3988667
3987411
3987418
3991218
3991741
3968807
3991720
3991715
3991714
3991613
3991409
3991393
3991387
3991379
3869248
3988524
3930651
3928782
3838772
3830343
3830297
3900475
3900722
3990889
3990870
3981126
3981432
3987243
3990809
3953057
3715520
3990766
3990762
3990754
3990749
3871507
3970442
3990742
3987341
3137889
3986576
3986070
3988024
3984400
3989297
3989200
3984408
3983851
3986601
3986066
3990549
3990300
3990190
3990183
3990180
3990126
3990117
3860356
3984493
3989899
3989873
3860121
3921119
3920764
3921099
3931942
3921037
3963880
3969404
3921218
3921642
3920827
3921620
3920807
3984458
3984462
3847151
3985837
3984440
3904063
3989263
3989239
3989226
3864464
3938997
3864453
3989202
3989180
3966386
3988965
3988963
3966475
3988879
3988699
3988694
3988333
3988331
3988332
3837661
3988171
3963266
3963253
3963251
3963248
3960123
3971064
3959176
3959168
3959171
3984460
3959160
3967194
3983680
3985435
3983940
3987229
3984243
3986590
3987235
3985385
3987685
3987348
3987309
3987305
3987304
3987007
3986988
3986845
3986767
3986036
3983075
3984159
3984288
3985584
3984317
3985450
3835499
3855400
3860116
3835482
3855395
3986611
3975152
3986519
3986514
3955251
3986406
3986405
3981585
3986298
3962345
3985956
3985946
3985908
3878548
3955493
3852346
3859667
3985739
3985690
3594221
3977058
3985420
3985195
3985054
3977156
3984372
3984319
3984316
3986898
3997682
3997256
3997266
3997273
3997151
3997149
3997136
3997450
3992746
3857779
3996868
3997073
3997572
3994890
3994475
3994480
3989517
3996591
3996778
3977646
3977418
3996714
3996737
3996817
3996528
3996546
3910291
3861046
3861050
3917416
3861024
3861026
3925937
3977166
3918703
3988751
3995999
3996013
3996112
3996157
3960545
3995900
3995877
3996028
3996030
3996040
3996046
3995950
3995473
3995588
3995585
3995583
3995578
3995565
3995624
3995635
3995763
3995775
3995680
3995169
3995485
3995489
3995488
3995540
3995518
3995713
3966898
3966897
3995348
3879607
3991751
3758951
3992901
3263304
3993123
3997002
3997003
3997035
3700568
3996940
3996952
3997004
3997006
3997008
3997014
3997015
3990957
3997156
3951404
3976099
3976120
3992600
3913716
3980790
3971479
3992588
3984904
3833407
3957141
3976149
3931602
3976185
3878817
3992620
3971524
3889347
3898360
3989005
3925945
3754891
3774136
3962642
3911495
3334475
3984985
3987430
3932001
3980224
3876320
3871430
3996501
3967651
3984224
3977174
3977173
3996488
3996009
3858366
3885357
3642534
3994391
3930728
3843275
3996458
3996638
3942042
3980220
3917414
3895605
3988799
3861037
3996585
3861017
3996510
3966591
3925931
3972927
3984478
3983958
3992016
3991903
3992602
3992334
3993611
3910359
3996935
3996920
3996927
3997005
3997007
3996706
3996797
3996684
3996845
3996859
3996767
3997001
3997084
3743997
3977565
3978331
3941294
3995544
3995526
3995474
3911737
3905112
3977146
3979262
3905115
3995553
3995631
3995170
3995171
3958061
3959561
3954753
3991604
3997189
3997225
3813607
3997260
3997262
3997264
3997265
3997269
3997272
3997275
3997338
3993584
3994676
3993590
3932615
3997580
3910170
3910176
3910169
3994581
3996618
3844401
3996167
3996070
3996089
3995640
3995700
3996133
3996138
3996147
3996182
3996168
3996170
3996179
3996234
3995760
3876096
3996001
3978425
3996027
3960537
3995893
3995957
3960166
3861384
3794043
3988372
3967667
3977180
3988371
3926896
3977171
3977168
3936636
3918697
3876324
3754858
3851615
3988400
3945946
3927333
3939270
3898278
3976104
3980787
3925906
3767276
3937286
3937287
3884471
3976126
3951425
3971504
3957134
3988994
3961953
3980805
3966594
3974132
3992621
3992626
3869214
3998188
3998149
3998108
3998073
3997992
3997935
3995619
3991479
3986225
3988894
3990123
3992755
3997886
3991661
3394751
3997293
3980305
3978208
3997094
3990272
3972986
3985470
3996954
3996950
3996949
3996948
3933106
3961855
3961852
3977865
3978147
3996390
3996362
3860651
3996154
3972516
3966964
3995980
3995898
3985835
3985846
3852353
3985850
3995690
3989603
3976080
3976060
3989914
3993341
3985996
3987990
3987754
3991875
3991045
3991059
3988052
3988908
3991877
3987288
3991076
3988028
3988035
3983293
3992117
3970850
3921847
3921843
3921827
3921823
3994342
3994365
3864700
3864699
3898001
3869510
3995510
3995400
3995288
3755461
3934692
3994870
3994657
3994641
3994625
3994605
3994597
3994523
3954782
3946139
3993212
3991891
3348505
3992420
3992131
3991250
3981127
3989298
3990606
3993794
3986155
3991951
3991248
3991296
3993479
3921940
3992622
3989609
3991918
3986705
3986717
3994264
3994245
3994243
3958370
3955905
3858315
3899098
3974515
3993510
3666212
3993391
3993337
3993248
3993246
3992860
3993015
3993065
3978580
3993988
3976914
3994053
3993164
3992553
3992663
3980901
3992171
3942932
3992170
3931895
3992169
3931885
3943503
3297738
3918568
3959316
3909958
3934347
3820092
2666629
3712567
3844118
3908103
3837584
3832435
3990699
3979161
3991303
3958887
3869054
3991385
3959866
3882537
3857795
3991545
3990449
3822082
3863057
3998145
3998152
3993346
3942979
3889910
3889915
3875121
3875119
3990788
3998650
3774337
3399852
3746114
3783268
3978801
3963455
3978558
3836395
3998156
3869115
3978675
3869130
3998489
3921796
3998439
3998440
3968663
3998484
3706986
3725325
3747043
3566740
3747049
3997160
3849979
3967000
3981111
3895652
3869160
3998595
3974127
3963583
3869185
3998616
3968964
3990782
3869150
3974099
3869154
3909829
3889342
3994709
3988954
3994679
3996464
3935959
3968791
3888550
3968915
3969006
3969008
3910769
3457379
3976441
3890652
3951884
3714645
3982791
3982818
3943248
3925901
3977431
3989333
3981066
3945808
3956825
3977425
3977426
3989337
3977864
3996809
3996798
3996819
3986886
3864130
3936243
3984751
3864156
3996526
3970806
3944640
3944624
3856246
3944629
3944639
3986696
3888305
3964349
3964347
3996513
3882496
3882513
3927261
3882475
3882506
3882525
3882526
3993087
3996909
3882465
3996917
3996919
3928662
3993025
3818707
3992966
3989399
3981788
3981776
3977440
3977441
3978276
3981086
3668868
3990098
3985970
3985830
3957520
3986004
3952883
3966828
3855050
3850068
3961424
3977159
3931863
3985966
3993172
3981690
3882477
3919593
3996601
3992967
3993089
3980487
3977067
3996647
3980488
3980489
3996851
3744409
3838146
3972780
3911891
3963493
3963491
4000436
3899529
3899531
3899533
3899535
3899552
3899007
3899012
3899013
3899014
3899004
3899009
3899016
3899522
3899006
3899526
3898995
3898996
3899001
3899002
3898994
3898997
3898999
3899000
3898998
3899003
3898983
3898984
3898988
3898991
3898993
3898985
3898987
3898990
3898986
3898992
3898981
3898947
3898963
3898967
3898957
3898978
3898979
3898951
3898954
3898974
3898905
3898915
3898902
3898912
3898924
3901204
3901218
3901219
3900882
3900851
3973343
3973409
3973480
3973512
3973522
3973531
3973390
3973371
3973366
3998088
3998653
3998913
3370960
3370976
3370884
3370948
3370981
3370929
3370877
3370905
3370931
3370881
3370864
3826106
3370888
3370880
3370913
3370954
3370865
3370898
3370939
3826118
3370891
3370858
3370938
3370972
3370964
3370975
3997848
3998253
2858441
3998227
3935097
3721127
3879085
3879089
3879092
3879096
3879099
3879106
3879130
3879147
3879151
3879070
3879084
3879094
3879142
3879146
3812769
3812776
3984508
3879120
3879133
3879134
3879141
3879143
3879107
3879114
3998755
3998545
3837503
3837504
3837513
3837507
3837508
3829463
3829488
3829502
3829509
3807026
3938203
3923122
3923123
3948844
3733666
3970836
3928757
3980011
3457899
3995701
3633400
3979362
3967912
3967923
3967924
3967926
3962810
3812829
3941996
3945355
2924541
3992972
3992985
3993000
3993004
3993063
3993152
3900568
2585206
3895535
3966179
3746987
3879117
3879138
3879139
3879145
3879112
3879115
3998576
3879022
3879086
3879088
3879097
3879074
3879077
3879095
3879100
3879102
3879153
3879154
3879026
3879041
3968943
3969122
3966383
2565671
3981989
3982674
3253788
3891143
3977675
3884574
3884593
3884622
3884625
3884664
3884547
3884629
3884630
3884633
3884645
3884673
3884538
3884539
3884544
3884546
3884555
3884576
3884577
3884613
3884658
3884659
3884660
3884661
3884563
3884566
3884567
3884597
3884602
3884610
3884618
3884678
3884680
3983035
3995000
3812821
3897766
3974782
3998900
3998987
3837505
3837506
3963463
3837516
3807203
3834242
3834236
3807129
3998089
2806301
3998078
3998077
3998090
3997872
3872967
3969997
3987794
3976823
3976824
3976777
3718491
3718496
3718498
3718494
3785654
3785623
3785630
3785644
3785664
3785662
3785661
3785636
3785659
3785647
3898858
3898854
3898852
3898850
3898893
3898888
3898896
3898890
3898856
3898900
3898860
3898866
3898862
3898869
3898864
3785658
3803778
3785649
3779873
3785653
3785624
3785620
3779876
3785651
3785626
3894747
3719626
3719603
3719628
3719624
3718534
3719622
3719602
3718536
3719611
3985560
3993624
3937176
3984441
3993247
3992876
3718526
3719618
3719615
3718509
3718499
3719621
3719619
3719614
3719616
3781331
3781329
3782498
3782502
3781333
3781328
3782488
3782491
3782494
3782497
3537908
3537907
3537923
3537919
3537910
3537909
3537924
3537920
3537922
3537921
3988045
3983890
3164950
3782481
3782478
3781335
3782486
3782483
3782479
3782454
3782477
3781338
3781337
3989127
3825373
3980464
3989223
3989219
3937757
3937760
3803819
3803822
3782458
3782456
3803825
3782471
3782469
3782457
3803828
3782474
3537890
3537889
3537903
3537902
3537901
3537888
3537887
3537904
3537906
3537905
3979579
3988139
3986780
3984267
3985712
3986763
3961046
3537880
3537895
3537891
3537879
3537896
3537878
3537877
3537894
3537893
3537892
3979564
3781327
3781302
3781322
3781291
3781325
3781326
3781324
3781305
3781308
3781301
3986766
3781289
3779879
3781288
3803818
3803803
3803804
3803805
3803806
3781287
3803817
3986215
3855466
3900672
3899558
3900861
3899559
3901226
3901236
3901239
3901244
3901220
3901240
3901247
3901249
3901242
3901250
3803820
3782511
3803813
3803801
3803800
3782515
3803811
3803831
3803830
3803829
3984313
3984311
3901221
3901233
3901189
3901232
3901177
3900761
3901223
3901229
3901235
3976781
3976783
3976785
3976786
3976787
3976790
3976791
3976792
3976793
3976794
3976797
3976798
3976802
3976804
3976814
3976820
3996558
3996799
3962736
3962733
3370886
3370927
3370991
3370860
3370924
3370935
3370872
3370875
3370882
3370965
3370934
3370855
3370922
3370944
3370955
3370914
3826108
3370908
3370949
3370940
3370883
3370956
3370988
3982596
3984241
2066659
3996836
3868391
3746443
3829466
3948807
3599484
3262195
3944866
3807147
3812073
3986063
3986065
3984245
3534342
3984610
3796834
3807017
3994751
3838225
3974785
3848014
3942002
2923444
2199571
3443580
2923447
3977532
3974627
3973943
3993330
3992974
3992980
3992991
3993001
3993003
3925805
3993006
3993009
3993704
3993908
3962811
2839025
3967920
3967931
3992048
3992641
1940893
1951133
3992331
3927396
3967003
3981929
3927951
3884556
3884557
3884578
3884611
3884652
3884655
3884657
3884558
3884562
3884568
3884608
3884639
3884642
3884643
3884596
3884627
3884662
3884665
3884667
3884668
3884669
3884671
3884672
3884552
3884553
3884579
3884628
3884634
3884635
3884649
3884674
3931124
3807196
3990307
3976825
3976826
3976769
3976770
3976771
3976772
3976784
3976788
3976789
3976795
3976801
3976805
3976807
3976812
3976813
3976815
3976816
3976822
3952998
3658493
3987756
3987762
3987767
3987773
3987814
3987830
3978684
3987141
3986963
3812147
3947070
3996557
3996834
3996669
3995976
3996791
3370918
3370923
3370870
3370910
3370983
3370969
3973341
3973339
3973365
3973387
3973458
3973499
3938499
3973440
3973408
3973416
3973429
3973438
3973451
3973460
3973472
3973477
3973486
3973506
3973513
3973530
3973532
3973542
3973372
3973368
3973357
3901175
3782517
3782513
3803809
3781297
3782525
3803793
3803783
3803784
3803815
3803814
3900875
3901213
3901211
3901208
3901207
3900794
3900796
3901217
3901210
3901203
3803785
3803788
3803790
3803787
3803794
3803796
3803791
3803776
3803777
3785635
3901205
3900885
3901201
3782508
3785611
3781299
3781300
3785640
3785615
3779869
3781296
3782522
3782520
3785641
3782519
3803779
3803780
3803781
3803782
3782503
3782506
3785638
3785642
3900869
3900873
3901198
3901187
3901195
3900870
3901186
3901192
3901193
3901197
3900862
3901170
3901171
3901172
3901174
3900867
3900883
3900865
3900877
3900879
3900778
3900800
3900850
3900791
3900853
3900855
3900859
3900777
3900858
3900775
3900801
3900802
3900848
3900774
3900776
3900799
3900803
3900792
3900795
3899683
3900780
3900782
3900783
3900789
3899684
3899686
3900779
3900786
3900787
3900788
3900758
3900763
3900769
3900772
3900764
3900767
3900768
3900760
3900765
3900766
3900700
3900697
3900702
3900751
3900754
3900693
3900703
3900742
3900748
3900756
3900670
3900680
3900684
3900666
3900677
3900685
3900675
3900686
3900688
3900692
3900638
3900643
3900649
3900654
3900657
3900664
3900646
3900652
3900641
3900660
3899741
3899748
3899754
3899761
3899787
3899794
3899774
3900633
3899802
3900634
3899725
3899727
3899734
3899724
3899736
3898842
3898845
3898847
3899733
3899737
3899626
3899635
3899628
3899680
3899624
3899625
3899631
3899633
3899637
3899675
3781318
3781321
3899587
3899605
3899622
3899593
3899608
3899611
3899618
3899591
3899598
3899562
3899577
3899583
3899586
3899579
3899564
3899566
3899571
3899573
3899581
3899554
3899557
3899545
3899546
3899550
3976779
3976796
3976799
3976808
3976809
3976810
3976811
3976817
3976818
3976819
3976821
3973358
3973356
3973354
3973355
3973370
3973379
3973391
3973454
3973479
3935156
3973412
3973422
3973443
3973447
3973464
3973511
3973516
3973518
3973526
3973389
3973383
3973444
3973446
3973456
3973478
3973500
3973514
3973517
3973529
3973539
3973543
3973392
3973388
3973378
3973376
3973373
3973361
3999068
3852326
3370902
3370911
3370915
3370982
3370867
3370878
3370862
3370971
3370974
3370936
3370925
3370979
3370970
3370921
3826115
3370889
3370993
3370903
3370907
3370912
3370887
3370896
3826117
3370901
3370863
3985637
3941807
3981240
3844399
3995693
3997148
3997327
3996119
3996136
3997553
3971440
3971447
3971449
3971454
3971455
3971458
3971467
3971470
3971445
3971472
3971396
3971398
3971400
3971401
3971406
3971417
3971423
3971424
3971427
3971428
3971432
3971435
3971437
3996880
3996681
3996653
3959551
3812074
3971448
3971450
3971452
3971453
3971459
3971461
3971462
3971468
3971469
3971471
3997648
3997651
3997723
3997475
3993798
3996833
3971446
3971444
3971395
3971399
3971402
3971412
3971413
3971414
3971421
3971425
3971431
3971434
3995991
3996246
3995867
3995876
3996381
3995954
3995426
3958062
3996451
3996372
3996734
3996680
3996668
3996863
3996682
3995422
3995424
3995462
3995349
3994776
3959554
3997207
3971457
3971463
3971464
3971466
3997608
3971443
3971397
3971403
3971405
3971407
3971408
3971410
3971416
3971418
3971419
3971420
3971422
3971429
3971433
3971436
3971439
3971441
3971442
3981238
3981241
3995697
3996233
3995886
3997505
3979688
3949759
3718483
3718487
3718501
3718524
3718489
3718490
3999705
3999686
3981931
4000381
4000372
3993458
3454900
3898880
3898936
3898926
3898885
3898879
3898876
3898932
3898928
3898871
3898942
3781317
3785618
3785632
3781310
3785629
3785628
3781313
3781312
3785616
3785614
3718521
3718517
3718503
3718540
3718522
3718518
3718506
3718537
3718542
3718485
3894781
3759152
3759138
3759170
3759156
3759176
3759179
3759175
3759084
3759181
3953766
3946192
3484862
3886642
3675974
3829512
3831869
3940223
3937283
2491942
3667692
3941993
3941999
3963779
3391451
3964336
3550575
3969722
3963412
3963407
3975374
3999105
3998649
3999084
3998813
3998569
3997807
3807170
3972153
3982897
3884575
3884581
3884589
3884591
3884548
3884550
3884632
3884636
3884644
3884646
3884540
3884541
3884543
3884549
3884573
3884614
3884653
3884676
3884570
3884572
3884600
3884603
3884605
3884606
3884617
3884620
3998080
3973393
3973398
3973434
3973481
3973364
3973359
3973336
3973340
3973374
3973396
3973504
3973538
3973491
3973497
3973501
3973521
3973523
3973528
3973535
3973377
3973362
3973338
3973394
3973397
3973399
3973453
3973455
3973457
3973459
3973498
3973503
3973505
3973525
3973527
3973537
3973386
3973381
3973369
3960889
2526783
3092892
2678720
3978967
3981514
3995060
3995062
3995887
3995891
3995964
3974313
3974789
3986893
3987779
3987788
3987800
3998544
3879030
3879032
3879037
3879136
3879108
3879109
3998083
3998085
3998336
3879069
3879080
3879104
3879150
3879043
3879046
3879073
3879083
3992130
1946259
3884816
3807435
3812077
3993106
3992969
3992993
3992994
3993008
3949140
3928590
3989744
3962897
3988952
3750679
3968013
3990262
3976773
3976774
3976776
3976778
3976780
3993048
3981562
3828420
3993220
3996750
3749787
3749790
3749793
3750568
3750569
3749759
3750528
3750567
3750554
3750563
3993583
3996014
3422729
3832143
3832142
3832079
3832082
3832064
3832135
3832083
3422725
3992981
3991943
3992961
3994689
3832133
3832093
3832101
3832137
3832068
3832102
3719632
3750550
3750551
3749771
3749789
3749723
3749797
3749735
3749795
3750549
3749769
3990446
3994035
3992822
3749758
3749749
3749751
3750541
3750545
3750548
3749756
3750556
3750564
3750537
3749743
3749729
3749731
3749720
3749782
3749765
3750534
3750533
3749754
3750538
3750558
3750535
3749737
3750527
3749767
3749747
3750546
3750529
3749740
3749799
3861096
3750530
3749775
3749725
3832129
3832091
3832092
3944802
3984919
3986976
3986830
3984925
3943505
3422774
3422781
3998983
3996531
3998292
3988796
3989706
3987707
3989308
3992617
3995934
3994747
3994746
3995658
3937012
3996977
3996976
3959937
3983642
3832058
3832084
3832152
3832090
3832059
3832131
3832096
3832087
3883476
3883474
3749727
3750544
3749779
3750560
3750566
3750555
3749774
3750571
3749777
3749752
3983951
3876241
3821502
3821506
3821518
3821521
3821532
3821536
3821542
3821549
3821551
3821587
3821591
3821606
3713616
3422728
3422735
3827551
3830357
3830361
3830365
3830378
3830443
3830447
3830453
3830454
3833954
3962809
3807325
3968629
3994203
3952800
3999085
3997849
3997720
3997728
3990191
3990189
3812104
3993072
3993012
3693318
3812115
3976803
3748233
3930768
3997522
3971970
3642220
3932892
3997571
3812123
3929355
3812242
3821505
3821512
3821538
3821540
3821544
3821554
3821575
3821576
3821580
3821601
3821605
3821608
3821609
3827553
3830359
3830383
3830446
3833931
3833956
3812152
3383868
3925337
3627009
3627012
3627019
3306154
3968627
3991477
3807257
3812118
3976775
3986775
3987514
3975579
3975582
3975572
3748235
3996338
3997517
3997523
3977560
3998150
3932889
3998574
3827554
3827555
3827556
3827557
3830355
3830370
3830373
3830381
3830440
3830444
3830452
3830455
3830456
3830460
3833928
3833938
3833945
3833961
3807256
3422787
3821507
3821508
3821514
3821520
3821524
3821528
3821530
3821534
3821548
3821572
3821584
3821589
3821596
3821599
3827552
3713648
3713696
3812119
3812234
3996042
3990192
3925341
3674460
3952594
3998575
3885564
2748678
3457328
3998225
3806535
3997516
3997520
3932886
3999495
3999400
3937253
3949171
3914197
3844335
3989018
3981560
3925347
3857889
3991469
3879995
3988358
3988294
3988293
3988292
3988291
3988288
3988286
3988285
3988284
3988283
3988282
3988281
3988280
3988277
3988276
3988274
3988271
3988270
3988268
3988247
3988238
3988145
3988005
3985797
3984078
3898386
3898385
3898384
3875221
3875222
3839399
3839395
3987652
3987645
3987618
3987394
3987389
3987368
3986789
3986786
3986784
3984966
3833360
3833363
3870891
3870893
3872864
3833367
3889887
3889890
3886553
3874057
3833369
3874063
3897030
3897028
3870897
3893381
3968959
3984971
3839445
3839454
3978896
3978888
3978897
3978893
3978891
3978885
3978884
3984022
2444218
3918541
3881161
3886547
3886545
3893400
3885355
3897033
3886542
3839419
3839403
3912685
3886539
3912687
3889895
3881156
3839440
3839439
3875236
3879533
3881150
3885350
3886550
3912672
3885349
3874056
3886546
3954400
3870894
3997199
3997201
3955214
3995382
3815748
3821643
3821645
3821648
3421245
3362939
3362937
3943451
3943454
3814281
3814284
3093818
3861368
3891989
3891993
3916188
3856586
3525471
3947182
3852053
3916386
3822827
3912234
3974781
3974935
3964514
3964733
3964740
3971212
3971208
3971224
3975714
3639651
3980009
3995537
3995688
3751398
3996339
3967921
3967930
3973275
3963575
3965410
3987312
3992148
3992333
3992439
3992447
3952051
3952597
3993141
3861023
3414305
3822922
3507717
3992655
3915422
3761670
3857231
3867768
3812179
3948806
3855024
3978748
3978750
3989977
3918565
3918573
3930711
3976589
3994667
3931074
3968917
3969087
3261950
3812891
3807311
3812847
3807286
3901943
3807308
3960504
3846742
3841614
3841605
3841613
3846746
3982773
3982857
3900609
3837180
3996944
3996955
3996715
3996723
3996724
3977569
3812171
3807267
3834838
3983863
3983236
1928405
3983389
3983390
3983424
3958968
3896765
3983430
3994724
3371281
3920371
3922596
3922598
3115160
3940321
3903969
3941137
3812183
3812154
3812157
3885974
3987135
3985273
3985276
3964313
3984969
3986067
2657615
3998353
3851487
3997661
3960920
3812168
3812164
3834810
3834818
3834820
3807290
3982089
3880482
3987544
3989969
3988852
3997205
3981752
3999488
3994589
3923429
3903444
3903452
3967786
3995007
3995005
3994996
3967798
3967780
3995003
3994994
3967794
3967778
3934946
3998928
3970824
3967612
3928112
3956705
3987423
3998862
3956759
3956760
3956762
3981291
3985815
3846251
3971127
3867796
3977448
3814275
3814290
3995759
3995643
3993265
3993266
3993268
3993409
3996250
3988864
3958032
3992167
3986973
3979620
3841643
3867797
3898427
3875668
3967795
3997547
3993269
3951349
3779209
3997196
3930793
3930818
3644721
3988814
3891147
3987352
2925514
3471559
3898215
3855022
3855026
3507721
3507722
3993135
3993137
3993340
3951359
3831111
3952049
3952050
3998846
3994861
3873481
3920405
3961220
3807262
3834824
3880483
3990407
3918569
3918585
2834294
3500475
3996567
3996721
3996722
3751401
3751396
3941677
3751403
3996322
3900607
3982509
3986109
3166539
3984013
3581156
3985280
3986003
3986079
3997537
3778444
3098378
3814272
3312913
3886644
3883158
3932840
3925583
3901254
3916870
3861367
3861369
3318176
3356082
3356081
3575249
3333767
3852692
3920387
3920383
3812255
3887310
3985253
3985274
3985278
3985279
3985281
3984745
3984967
3984972
3984974
3984977
3986050
3834835
3834833
2624982
3995663
3974310
1844149
3995165
3877431
3888736
3866617
3969957
3971222
3971223
3834091
3799270
3993134
3993136
3993140
3861022
3515756
3389171
3994373
3920374
3920378
3853127
3964385
3964737
3968945
3968956
3969522
3965429
3965417
3965398
3965395
3966093
3992073
3992113
3507720
3507719
3414295
3507723
3385641
3991458
3991494
3855019
3855020
3991327
3991354
3991356
3394969
3759187
3982006
3834815
3834798
3982102
3846725
3846739
3884841
3989970
3950345
3918583
3918591
3918572
3955195
3310796
3593648
3852281
3945694
3950979
3867764
3867766
3867767
3867771
3867772
3867775
3987375
3987383
3987388
3945305
3964311
3964312
3644726
3644724
3987702
3812175
3812288
3812883
3812221
3812886
3861433
3812191
3706325
3979976
3961196
3960512
3960510
3960509
3960508
3960507
3837178
3751397
3995947
3953806
3998065
3999100
3998986
3999003
3969018
3969023
3997862
3847002
2925513
3996717
3996718
3931076
3939596
3986972
3867799
3867800
3867801
3988927
3995639
3995648
3996126
3998061
3935787
3935785
3872870
3959462
3959464
3966609
3872868
3872872
3966605
3966607
3966608
3998021
3998023
3966597
3966606
3998027
3966600
3929358
3974927
3997678
3997688
3997685
3997684
3997681
3997690
3997687
3997692
3997686
3997679
3493268
2900633
3930288
3970342
3977312
3997198
3996505
3996447
3996444
3996397
3996335
3996331
3996324
3996317
3881153
3912689
3893384
3870879
3870876
3835556
3996307
3996304
3866550
3904945
3996278
3899521
3969038
3821411
3331031
3996090
3992352
3992350
3995846
3995844
3995841
3995840
3995838
3995837
3995835
3995843
3839392
3839460
3993836
3990545
3984036
3995508
3995507
3995506
3995503
3995501
3995499
3995497
3995392
3872876
3874048
3874050
3879527
3912627
3874053
3912682
3839442
3839434
3839478
3839481
3839486
3995104
3994940
3991859
3991860
3958702
3994246
3993403
3993045
3512497
3992951
3992682
3888134
3888120
3888122
3888117
3888123
3888126
3992365
3992364
3992363
3992351
3992348
3992337
3914208
3885241
3824060
3824059
3824057
3824056
3885240
3824052
3213134
3824058
3966758
3824054
3888146
3888148
3888139
3888145
3888149
3839406
3839429
3839469
3839425
3839466
3839413
3839409
3839467
3893395
3912649
3881171
3881167
3874059
3898380
3881164
3960596
3971695
3972899
3972901
3972905
3972912
3972918
3972922
3972926
3972930
3972935
3972952
3972958
3972967
3972977
3972981
3972994
3972996
3971681
3971692
3971703
3972892
3972895
3972933
3972938
3972941
3972945
3972946
3972947
3972960
3972963
3972970
3972975
3972979
3972993
3973000
3973003
3971688
3971699
3971706
3972903
3972909
3972915
3972920
3972950
3972953
3972955
3972983
3972988
3972992
3971678
3971685
3972999
3971674
3969241
3969237
3969243
3969152
3969230
3969229
3969228
3969223
3969232
3969213
3969211
3969256
3969266
3969273
3969277
3969283
3969285
3969289
3969290
3969293
3969303
3969306
3969251
3969154
3969182
3969186
3969180
3969175
3969169
3969185
3969187
3969200
3969227
3969225
3969208
3969201
3969235
3969254
3969181
3969219
3969168
3969165
3969160
3969158
3969153
3969151
3969236
3969178
3969172
3969183
3969226
3969222
3969221
3969218
3969216
3969194
3969188
3969233
3969258
3969260
3969263
3969264
3969280
3969295
3969296
3969301
3969304
3969150
3969148
3969220
3969162
3969184
3969173
3969171
3969197
3969192
3969206
3969190
3969189
3969262
3969268
3969271
3969274
3969278
3969279
3969287
3969292
3969299
3969157
3969176
3969247
3969250
3969253
3969245
3969249
3969246
3992042
3992018
3990486
3988008
3991858
3988710
3988155
3935782
3959455
3964070
3964066
3959457
3935781
3947029
3985463
3986840
3986848
3839457
3839382
3839476
3839472
3839374
3965399
3965396
3965391
3965450
3965442
3965440
3965443
3965444
3965548
3965401
3965389
3965388
3965426
3965423
3965406
3965400
3965397
3965437
3965430
3965403
3965390
3965433
3965420
3965419
3965546
3648356
3648361
3648362
3648360
3648355
3648354
3648439
3648353
3648438
3989444
3964063
3879525
3964061
3989212
3989448
3983937
3952526
3952528
3952530
3990381
3879481
3990251
3988032
3988006
3898387
3893387
3898388
3839367
3839349
3839354
3970482
3920509
3988614
3988392
3988391
3988388
3988369
3988367
3988365
3988364
3988363
3988362
4000071
3995722
4000209
3725375
3956308
3951347
3982412
4000433
3971109
3964979
3986353
3974500
3982409
3982450
3982451
3997630
3938281
3984060
3984069
3522966
3488685
3477170
3457071
3984063
3929377
4000078
4000076
4000075
4000073
4000072
3996380
3963528
3778342
3768250
3609438
3582972
3599418
3758172
3591748
3619110
3535448
3564685
3573408
3977325
3967613
3967615
3970341
3935542
3987013
3987009
3946260
3946265
3946264
3946268
3946267
3946262
3946270
3946269
3996448
3996508
3893398
3893409
3870888
3872861
3870882
3872863
3884024
3845153
3702120
3702087
3621184
3671539
3837576
2970730
3083694
3953908
3884031
3992002
3991869
3884043
3958677
3982436
3982447
3884027
3982449
3884012
3930558
3982448
3984728
3982444
3984765
3984867
3975287
3967647
3967637
3967629
3984749
3967623
3928529
3996789
3985651
3954490
3921444
3756578
3956301
3957969
3833962
3853128
3333771
3394513
3484385
3886630
3525210
2077728
3814292
3867765
3400283
3844824
3844839
3844843
3846068
3696607
3534420
3916871
3825630
3941943
3814277
3814282
3964056
3964393
3964728
3968735
3968937
3969523
3971219
3834082
3834085
3965411
3965394
3965383
3967296
3910107
3950055
3950049
3457377
3904641
3904642
3920376
3920379
3990910
3706329
3548344
3807370
3834828
3983926
3846738
3841619
3841622
3841620
3846735
3846734
3682898
1928410
3982896
3969027
3997857
3997860
3997802
3960919
3261953
3981959
3981365
3950892
3950890
3977074
3977456
3977471
3973300
3973884
3838504
3812161
3907682
3960506
3960503
2794506
3971164
3923778
3920307
3995911
3995193
3846718
3964314
3945304
3986883
3986540
3907275
3986671
3652202
3652216
3652217
3952970
3972648
3972671
3972680
3972683
3972734
3972740
3972745
3972758
3972668
3885436
3899492
3899489
3899486
3899484
3899482
3899475
3967773
3861950
3990136
3893235
3983857
3983858
3899479
3899495
3899534
3899555
3899574
3899582
3899515
3899509
3899530
3923662
3994208
3988446
3723504
3348538
3348515
3632553
3723497
3652187
3652171
3943909
3922102
3988463
3958119
3938964
3873360
3885986
3885521
3885527
3789409
3789412
3998915
3828282
3652164
3652165
3652168
3652169
3652192
3831708
3652225
3340417
3999522
3999496
3999483
3999465
3998896
3981047
3926405
3951532
3982804
3065012
3996811
3996814
3996820
3996821
3996522
3976451
3964572
3996566
3996570
3885888
3996652
3996655
3996588
3996593
3868521
3996643
3996842
3996852
3996869
3958051
3996440
3996468
3856269
3700984
3996486
3984472
3984473
3984475
3984479
3984481
3984484
3984485
3984486
3984488
3984490
3984492
3984495
3984546
3984633
3983682
3474715
3904002
3983778
3923968
3983676
3710654
3919467
3983432
3982880
3982883
3931316
3931322
3931323
3931325
3931330
3931333
3931337
3951678
3961624
3931342
3931349
3931355
3931363
3931368
3936547
3982943
3982945
3974653
3984377
3984446
3984447
3984448
3984457
3984470
3984471
3982949
3942694
3931378
3983104
3994157
3994184
3994186
3994189
3994195
3994282
3994370
3994380
3995019
3995020
3995049
3618687
3995072
3994719
3994721
3994723
3994741
3661725
3597066
3770380
3994497
3994503
3974334
3722891
3722893
3994526
3994554
3994559
3994599
3994133
3998791
3998814
3998827
3998836
3998839
3998845
3998851
3998860
3998919
3998969
3999006
3999021
3999025
3998943
3891978
3998950
3998951
3998952
3998960
3998922
3998923
3998682
3998685
3863364
3949145
3962728
3972982
3995034
3995749
3980114
3882657
3986189
3967160
3986221
3986223
3986226
3946222
3969828
3946225
3987113
3987116
3987124
3986346
3881911
3985264
3985328
3985329
3986958
3853653
3968794
3923247
3986597
3986796
3843088
3870072
3986039
3986094
3890986
3985048
3985236
3985240
3998283
3998307
3998310
3998318
3998062
3998138
3998008
3986372
3998013
3826084
3976713
3772833
3964910
3989993
3997920
3997921
3997955
3997991
3997994
3990081
3998228
3998245
3553720
3998264
3992384
3994352
3997689
3981703
3948787
3974030
3994361
3989178
3945399
3945420
3998892
3995286
3908117
3995264
3998841
3996972
3998745
3982064
3998565
3998562
3975238
3984160
3998515
3998495
3998461
3998460
3998450
3993579
3920671
3998424
3986492
3992065
3992086
3992054
3975360
3719539
3590766
3998368
3986858
3878678
3987105
3992458
3998323
3815442
3994718
3994629
3994628
3994636
3994632
3998296
3993502
3994665
3959506
3992338
3809657
3985523
3318883
3990587
3998236
3998230
3995066
3987287
3992106
3985664
3993961
3985249
3983241
3952967
3981995
3982060
3981160
3981245
3980320
3980321
3981847
3975014
3990993
3991164
3991285
3995568
3995333
3995705
3995725
3992673
3992671
3987387
3987385
3984270
3995371
3995769
3994409
3884241
3991878
3991883
3991885
3991935
3961298
3971215
3993070
3993803
3993824
3996925
3952291
3981764
3979641
3979652
3979648
3996487
3995617
3996252
3996275
3979989
3480820
3996396
3989860
3988486
3987020
3990105
3979178
3997826
3981962
3997750
3997752
3997759
3986059
3997772
3952968
3993749
3993751
3997741
3982604
3997521
3997599
3993602
3997626
3997631
3985229
3992842
3994562
3684202
3994638
3970005
3994214
3615716
3995330
3995341
3995358
3994360
3994369
3749757
3994438
3995292
3967883
3994952
3940210
3940614
3991070
3568316
3775554
3558788
3781265
3643449
3917207
3995074
3995159
3990395
3990396
3955030
3990455
3990193
3990202
3948581
3990277
3990348
3992672
3991557
3995273
3995269
3995268
3994113
3994115
3994126
3994094
3994096
3994100
3994103
3994107
3994125
3994128
3994130
3994134
3997973
3997977
3997979
3994003
3997874
3997875
3997879
3997880
3997883
3997887
3973172
3997891
3997901
3997902
3987098
3987094
3987087
3987077
3987069
3472888
3987062
3986922
3970576
3964716
3986822
3964714
3953264
3986816
3986798
3986770
3986190
3984021
3983852
3985287
3985319
3984986
3986087
3986175
3974890
3984233
3984536
3984612
3986181
3986130
3961907
3965471
3954401
3986384
3953333
3967911
3986173
3501579
3971225
3978266
3985953
3044689
3970145
3981022
3981015
3985843
3985838
3985760
3985741
3935478
3860308
3962788
3985531
3985519
3927553
3985338
3985327
3985303
3981853
3978233
3966204
3985013
3984693
3984590
3984588
3859536
3970936
3984507
3984503
3984502
3984468
3960815
3984340
3843209
3984205
3984196
3984193
3393433
3314615
3939380
2415651
3912022
3984079
3973825
2069922
3983811
3978129
3983757
3956217
3966775
3852704
3965110
3972036
3821581
3855454
3634769
3989299
3984349
3984346
3984348
3989292
3997226
3997215
3993390
3997100
3997099
3997097
3997096
3997087
3426629
3964925
3996749
3996747
3996746
3996745
3996742
3996637
3996626
3996533
3996400
3996399
3996382
3996368
3936811
3936814
3996289
3996281
3996254
3996238
3789244
3910701
3813936
3989133
3996192
3996076
3996072
3993747
3995973
3995972
3995970
3995948
3995944
3973930
3995939
3988026
3995937
3995933
3995929
3995920
3800597
3995866
3511681
3995818
3995812
3995794
3964607
3935197
3940948
3995694
3995685
3995682
3995666
3992104
3995659
3995594
3992375
3990513
3990666
3990691
3990439
3961127
3989738
3994606
3994583
3974546
3984732
3986163
3993558
3991888
3987405
3981837
3942179
3993453
3671211
3988538
3987833
3987322
3994907
3994976
3991893
3991897
3991899
3736882
3990807
3991963
3994221
3994316
3994340
2093740
3990237
3932228
3992449
3992531
3994808
3995031
3995088
3995182
3995146
3758972
3989360
3989364
3990670
3990860
3993598
3993608
3993500
3993557
3993585
3993347
3993439
3993780
3994102
3994217
3994225
3994607
3994608
3987240
3987441
3987720
3988561
3883442
3868522
3966634
3974549
3974548
3974545
3994323
3994341
3994346
3994591
3991996
3904453
3991710
3991758
3422690
3991913
3992162
3991290
3839501
3995380
3993290
3993133
3936166
3988321
3987414
3987829
3959779
3990864
3960282
3989734
3573138
3990538
3991005
3991013
3861340
3932718
3989877
3991873
3991872
3991896
3991944
3992329
3988075
3991993
3991995
3992643
3991439
3992436
3992582
3992517
3992867
3949652
3938206
3993055
3942180
3994223
3821199
3995158
3995326
3995372
3949279
3993574
3921812
3974544
3974543
3994978
3947101
3993977
3994172
3994359
3993906
3993771
3984932
3986158
3991881
3992300
3990233
3995581
3995580
3995554
3995513
3995486
3995476
3995445
3995435
3995366
3995289
3966173
3401495
3662650
3984055
3995163
3848502
3984065
1479911
3702789
3199690
3995151
3940335
3268247
3995116
3995091
3995044
3994169
3995014
3995004
3912745
3985625
3994977
3990580
3990588
3991827
3990590
3992200
3994947
3848562
3994869
3994800
3656636
3994729
3994715
3994713
3989778
3994691
3994664
3994600
3994588
3994571
3994545
3994499
3994496
3994495
3994470
3994466
3994458
3994432
3994431
3994426
3990882
3986140
3994419
2411907
3993849
3994367
3994358
3994353
3964204
3988702
3985000
3986571
3986342
3901890
3990282
3990632
3950576
3990738
3989210
3360454
3989443
3963416
3991360
3992368
3992825
3991418
3987515
3986446
3986180
3962520
3991691
3991988
3992014
3992278
3789398
3988545
3928193
3925366
3992121
3992143
3804019
3493878
3992804
3991500
3991514
3991586
3935318
3991482
3991337
3897088
3989732
3989182
3990333
3989987
3990280
3990063
3988114
3988129
3987512
3987171
3988898
3993565
3204242
3120278
3991957
3992026
3992072
3991592
3991083
3990852
3993554
3993556
3993734
3870312
2135028
3989184
3990630
3990633
3990694
3990281
3990284
3992206
3992404
3991889
3988242
3988319
3988109
3988125
3992077
3993292
3986530
3992075
3994296
3994274
3994199
3994185
3988978
3990383
3994114
3968847
3893072
3994081
3994061
3993863
3993818
3867151
3012308
3993741
3993660
3993651
3911971
3959449
3967562
3985309
3988714
3984533
3985321
3974941
3985962
3985324
3993489
3993389
3993388
3993307
3972689
3993208
3357165
3993203
3993196
3993194
3993163
3717347
3993032
3993011
3992978
3074216
3992902
3992900
3926590
3992862
3992700
3990770
3992572
3992571
3987088
3992563
3992483
3992471
3924582
3982018
3992156
3989025
3992122
3986502
3992021
3963666
3991977
3991958
3873012
3927743
3991902
3966677
3991866
3988684
3988998
3989467
3988483
3987994
3965191
3962999
3988168
3988173
3988175
3987701
3987555
3987442
3991694
3986923
3673785
3985485
3991191
3983973
3983765
3984653
3984654
3984896
3984937
3990448
3990451
3990477
3990484
3990487
3990838
3985839
3990129
3990002
3989943
3984277
3985887
3985931
3984889
3989058
3988871
3988875
3990682
3990057
3990023
3989713
3066886
3989253
3989946
3987589
3986863
3986865
3987011
3986924
3986936
3959909
3988900
3983756
2258435
3990846
3988042
3988154
3988594
3991063
3991065
3991113
3990814
3984655
3984660
3849449
3986297
3876779
3990137
3681952
3988478
3985530
3988866
3990525
3990527
3990373
3910495
3988137
3986709
3777253
3986853
3986529
3986572
3986669
3370655
3493072
3991760
3991752
3961792
3988408
3991723
3981643
3991622
3946486
3991610
3952965
3991558
3991528
3991441
3991386
3984672
3991344
3991305
3985980
3984691
3985986
3912340
3991227
3991221
3991109
3985824
3566733
3990958
3984933
3990908
3990897
3990881
3971203
3990833
3990821
3990801
3983945
3976834
3990789
3990780
3990777
3990767
3985947
3990740
3990726
3990721
3990687
3968864
3990468
2797446
3990291
3990427
3990443
3990062
3877122
3986954
3987172
3987179
3987567
3987522
3981700
3986706
3989803
3988686
3988720
3988916
3988172
3983849
3989267
3988832
3989892
3990067
3989718
3989832
3990059
3988034
3988685
3996374
3996429
3998953
3997988
3998624
3661724
3593989
3759998
3994795
3921424
3890057
3890056
3994807
3994848
3919547
3943472
3994525
3994551
3852596
3976421
3995418
3995423
3995427
3995432
3798698
3995502
3995517
3995521
3995556
3995560
3915447
3731057
3975899
3867308
3975803
3975801
3825300
3976730
3993116
3993144
3993318
3993319
3993361
3993374
3978681
3978682
3993594
3993629
3993666
3993679
3993697
3927400
3993052
3993054
3833280
3993708
3993758
3993809
3728449
3993842
3993843
3856341
3993894
3969764
3994027
3994030
3994160
3943555
3994363
3994382
3994397
3994400
3994059
3920388
3994145
3967749
3963708
3964521
3956413
3967793
3968067
3991768
3890633
3975299
3963143
3992748
3992509
3992521
3992581
3992589
3992639
3991470
3991546
3991147
3971196
3971198
3991302
3991329
3991376
3992418
3992445
3992450
3991066
3991117
3330136
3991675
3991679
3966861
3317818
3983101
3970148
3943362
3982882
3982884
3982887
3931326
3931328
3931341
3971662
3982937
3982938
3931354
3982940
3931366
3945763
3951679
3982794
3983100
3903094
3931374
3989376
3989377
3989461
3989462
3989465
3989956
3989174
3988760
3988795
3988813
3988816
3988582
3954293
3988709
3988712
3990683
3990698
3860097
3954699
3990264
3990276
3989971
3990034
3990110
3906815
3348545
3987926
3825326
3954829
3987412
3946215
3987037
3946217
3960457
3986351
3986957
3986538
3986594
3986715
3987510
3987597
3967158
3980497
3973079
3977701
3979291
3981041
3926403
3981109
3981114
3981115
3981116
3981117
3981119
3961303
3969982
3939289
3952807
3951529
3989949
3976289
3927300
3976287
3996547
3996555
3996564
3996587
3996636
3996639
3996644
3996645
3983306
3996848
3996853
3996872
3993737
3998454
3996873
3996874
3996875
3996876
3919565
3996226
3972896
3996290
3997245
3997415
3997418
3997445
3996896
3863245
3996005
3996016
3995916
3995930
3996812
3996818
3996822
3996443
3996481
3824292
3995739
3964377
3997638
3997640
3997656
3997657
3977662
3997659
3997664
3997673
3997675
3831853
3831858
3997699
3997706
3996328
3977912
3996341
3996342
3996371
3996373
3996420
3996439
3897045
3355563
3638949
3829583
3997539
3997540
3992759
3127217
3997566
3981985
3803747
3997716
3997721
3997724
3997726
3997730
3997732
3997733
3931737
3997761
3997777
3997780
3997785
3997786
3997789
3997797
3997804
3997806
3993762
3997612
3907216
3492490
3997629
3961445
3882308
3161161
3910385
3998069
3998071
3998072
3998112
3998185
3999066
3981756
3998970
3998982
3998999
3999002
3999008
3999011
3999014
3999015
3999030
3999044
3999046
3999052
3979243
3998949
3837968
3964407
3999145
3974634
3999147
3999154
3999159
3999161
3999167
3266820
3954887
3999181
3997873
3999184
3999201
3999126
3853022
3999140
3981076
3987026
3949616
3997834
3997836
3975558
3997877
3997912
3997913
3952377
3997126
3956859
3997165
3998358
3998361
3998362
3998373
3998377
3996674
3996687
3996719
3996720
3996787
3986370
3998010
3998032
3998384
3972823
3998385
3878400
3998410
3998430
3960319
3961462
3998306
3998311
3997915
3997923
3997933
3997943
3858754
3997946
3950156
3838565
3139436
3976714
3997972
3999203
3999204
3999206
3999208
3999226
3997868
3997863
3999231
3953074
3953073
3976827
3976831
3997544
3999285
3999290
3999304
3999310
3999322
3999324
3999327
3999330
3999336
3999343
3999347
3999355
3999356
3988181
3988490
3987237
3987403
3996713
3996738
3976278
3996926
3980265
3995547
3995370
3986357
3995415
3995429
3345293
3995466
3995311
3995313
3995319
3995323
3995327
3995343
3994690
3855847
3659754
3994728
3994773
3995616
3994796
3986517
3953876
3994919
3994921
3994923
3994979
3995026
3995033
3995239
3952625
3959453
3995155
3991501
3991532
3990104
3990206
3990907
3990673
3990674
3991213
3989976
3997479
3712582
3994167
3994188
3994215
3994329
3994343
3993825
3993826
3993963
3983413
3994444
3994450
3994563
3783287
3994651
3994659
3970004
3993601
3997618
3997620
3997621
3994714
3997747
3997756
3997757
3991664
3885824
3997731
3997744
3982608
3994716
3997812
3997831
3997853
3981956
3981960
3981957
3981955
3995266
3994099
3994097
3994123
3994127
3994131
3997986
3997993
3997625
3994001
3993999
3993997
3993995
3997881
3997884
3997894
3997897
3997900
3997903
3994095
3995271
3980719
3981159
3981246
3981810
3981841
3576346
3995706
3995707
3995709
3996229
3996007
3995711
3983746
3284844
3987382
3987380
3995958
3995978
3995984
3979654
3979645
3979642
3979640
3990061
3957718
3996186
3996185
3983914
3998204
3998157
3998134
3998070
3994468
3988262
3988249
3998044
3998039
3998037
3998015
3997982
3997967
3997966
3997962
3997961
3997960
3997957
3997952
3997948
3831457
3983846
3997906
3997829
3997799
3780570
3997746
3955095
3955489
3997708
3991615
3986041
3986060
3986075
3961915
3264093
3978978
3868655
3997556
3970063
3997512
3989079
3983948
3992343
3986234
3983922
3988188
3996184
3996183
3996125
3997443
3797491
3997297
3997295
3997288
3989295
3989300
3998651
3996494
3992640
3992650
3993102
3991424
3498835
3991449
3991543
3991761
3991762
3991765
3991780
3975304
3950689
3991917
3663830
3881371
2958909
3982922
3993056
3971204
3993066
3998596
3998615
3998628
3998929
3972989
3962278
3863366
3998753
3998803
3998816
3998833
3998906
3935035
3645483
3998567
3625253
3998571
3998580
3998666
3998681
3998691
3998693
3998702
3998739
3989408
3989742
3989781
2655765
3989954
3990397
3840351
3990684
3823084
3868336
3990736
3984623
3877522
3908783
3989957
3717410
3990093
3990095
3990127
3990204
3990213
3990266
3990896
3990978
3996584
3996521
3996539
3990027
3987513
3996552
3996753
3958057
3996466
3996473
3996475
3996477
3996479
3996480
3824293
3996096
3996187
3972898
3321945
3982682
3996516
3995995
3996004
3996039
3848563
3875332
3996333
3996336
3984166
3984275
3984445
3984449
3984453
3984456
3984469
3984480
3984482
3984491
3984494
3971242
3807336
3986355
3912380
3967159
3954747
3985238
3985392
3985398
3985400
3985406
3534644
3986086
3939334
3947017
3997488
3638960
3882422
3913918
3997438
3997444
3997466
3830339
3713529
3996850
3409857
3409858
3971239
3842293
3907373
3915840
3873957
3980160
3985261
3985267
3985443
3985726
2870385
3636547
3896064
3986089
3984444
3984451
3984466
3903996
3985235
3985243
3984474
3984476
3984496
3984631
3984652
3973225
3983566
3841378
3923860
3984082
3933796
3995230
3995236
3995237
3995240
3995249
3977650
3995383
3994867
3994905
3994934
3258748
3964677
3995047
3983519
3995067
3995070
3995650
3995655
3995656
3995662
3995699
3986057
3995729
3995732
3995734
3994465
3994481
3994483
3994490
3994501
3994512
3994725
4000128
4000106
3999991
3999756
3931347
3931348
3931351
3931358
3812774
3982946
3982953
3946277
3954424
3949748
3982983
3990078
3998003
3998011
3958054
3945402
3914996
3477156
3477154
3997815
3997838
3835541
3997843
3997845
3997850
3623123
3987731
3997917
3981158
3997934
3997969
3997714
3997722
3670390
3997729
3997734
3969986
3997749
3997781
3997790
3997791
3997796
3997643
3997645
3831856
3997700
3997702
3997704
3997711
3997712
3997576
3963768
3926404
3926406
3981110
3981112
3981118
3981364
3825302
3976729
3973151
3973623
3977700
3923288
3980377
3935142
3951531
3995653
3966252
3995712
3995714
3995721
3991311
3995016
3967690
3995055
3995058
3995403
3984097
3995479
3995490
3995495
3995505
3995562
3995604
3995605
3994639
3994640
3994642
3994646
3995737
3995738
3995740
3995831
3995221
3995227
3995228
3951580
3995284
3928787
3995301
3995312
3922550
3845461
2936091
3790756
3982433
3995356
3995367
3995941
3670773
3994088
3994720
3994739
3759995
3987319
3994797
3911858
3994824
3994833
3994845
3919549
3995129
3943474
3995166
3652422
3661685
3928514
3908682
3986906
3565077
3385728
3986546
3986591
3986592
3988744
3789106
3988828
3988501
3988584
3988590
3988592
3988596
3933682
3988713
3987032
3946219
3946223
3987040
3987041
3740393
3988112
3987599
3815392
3825327
3987410
3987416
3776022
3969845
3325433
3950724
3998506
3998511
3998529
3998534
3998535
3998537
3616691
3998457
3699537
3997163
3998492
3983496
3998305
3990773
3998370
3998387
3998415
3998427
3946210
3992136
3920139
3904390
3992387
3881506
3992442
3992469
3953372
3991174
3971194
3971197
3991301
3971169
3991308
3991312
3991367
3991372
3991391
3992501
3992534
3985794
3985795
3984814
3987433
3987267
3990070
3989942
3988361
3987576
3988096
3968058
3987856
3987948
3987359
3987180
3987328
3986562
3986677
3986983
3989257
3989131
3988678
3990604
3990598
3990482
3985681
3985683
2682349
3990475
3990444
3990441
3990438
3990430
3990405
3990394
3988903
3990283
3948555
2835856
3990263
3990226
3990216
3990187
3986359
3896548
3990090
3989999
3880630
3967217
3988195
3988178
3988368
3988197
3989950
3989944
3986609
3947809
3989885
3989870
3989785
3989784
3809338
3989513
3989505
3989498
3338579
3956192
3939819
3850499
3850450
3989289
3989268
3966962
3895463
3968497
3382546
3989208
3989190
3989187
3989148
3989112
3989068
3989053
3988857
3988838
3984095
3986300
3988698
3988683
3192693
3986023
3988183
3988165
3988123
3988122
3988120
3988119
3988116
3988110
3988108
3988105
3988101
3988094
3988093
3988091
3988090
3988089
3988088
3988087
3988086
3988083
3988081
3988080
3988079
3988077
3988076
3988074
3988073
3988072
3988071
3988070
3988069
3988067
3988066
3988063
3934766
3988056
3825223
3988029
3986242
3985959
3984108
3984174
3984884
3918749
3985397
3927347
3985791
3985793
3898960
3984198
3984214
3986668
3986927
3972781
3987314
2341931
3987205
3987434
3987335
3984215
3984217
3986606
3986121
3985352
3985353
3985354
3984959
3986850
3986861
3987329
3987709
3986489
3986524
2212882
3985965
3985387
3985418
3984102
3984210
3983782
3507728
3984369
3987027
3987181
3986920
3968057
3986882
3986998
3987996
3987965
3987886
3987876
3987875
3987864
3987859
3987734
3987729
3952026
3938310
3987590
3987584
3987583
3987473
3935711
3960887
3987306
3983818
3987103
3552926
3997905
3997907
3997909
3997925
3938187
3961299
3977682
3990065
3990064
3952478
3985230
3985231
3975063
3976500
3976973
3980255
3980259
3980261
3980263
3980267
3993850
3997296
3974956
3997725
3993750
3939393
3997753
3997755
3991662
3991665
3994119
3994120
3994093
3994101
3994104
3994105
3994106
3994109
3994111
3994124
3994135
3994092
3997983
3997787
3979643
3997878
3997882
3997890
3997895
3997896
3997898
3997899
3997904
3997908
3997910
3997911
3997914
3997412
3997437
3997478
3997821
3997823
3997830
3990068
3990069
3981954
3997529
3997584
3997596
3997617
3996870
3997234
3939317
3997622
3997623
3997624
3815737
3995017
3995022
3995024
3995028
3885817
3994519
3991088
3994766
3994792
3994799
3984960
3893332
3994211
3994219
3994266
3994626
3994643
3994653
3855848
3994736
3996624
3996828
3996725
3988038
3995990
3996245
3996066
3996398
3996021
3983744
3996032
3987390
3987374
3987370
3995925
3979990
3996343
3995368
3995430
3995439
3981497
3994421
3995778
3995673
3995147
3995149
3995724
3995325
3995350
3995262
3928542
3851321
3995299
3995300
3964532
3991711
3991882
3991886
3968025
3958812
3976762
3990675
3990676
3990688
3990716
3990722
3990793
3990857
3991555
3991624
3990399
3990400
3992224
3990925
3990991
3992029
3942055
3983031
3911196
3993604
3856905
3993062
3971217
3993068
3062539
3992587
3993820
3996375
3997827
3993838
3990054
3990049
3967134
3986182
2818448
3985187
3985215
3985216
3996485
3996378
3962790
3996623
3984139
3984141
3984146
3984278
3927864
3992051
3992232
3992791
3992797
3983427
3992940
3991813
3991884
3992687
3992288
3992336
3864689
3971214
3981899
3989335
3989385
3998365
3998372
3997842
3997844
3847247
3997852
3925681
3831859
3997694
3962704
3997701
3997710
3997524
3997715
3997740
3997742
3997779
3997783
3997784
3997793
3997798
3455916
3747109
3881448
3987592
3987598
3987600
3984625
3984624
3988921
3989102
3988113
3988166
3969846
3987511
3989383
3989409
3989463
3973977
3973978
3872154
3913681
3988583
3988591
3988711
3988758
3918733
3997535
3992757
3997551
3997563
3997413
3997439
3997440
3997446
3997461
3964480
3886119
3997219
3997325
3997104
3981811
3997614
3997633
3997490
3970906
3997575
3997582
3999110
3999129
3704253
3999136
3999137
3999142
3999073
3879531
3999209
3999221
3999227
3999228
3999230
3999237
3976830
3962700
3957652
3999296
3999298
3999314
3999315
3999318
3999331
3999332
3974625
3974626
3974630
3974631
3974633
3974635
3999149
3999157
3997870
3999186
3999187
3999188
3999190
3999196
3999027
3999029
3999036
3999051
3999057
3999059
3999345
3999348
3999351
3999352
3999357
3999362
3994005
3994006
3981877
3999441
3930238
3836653
3868129
3989188
3946984
3996532
3881682
3967108
3550469
3677534
3999531
3990615
3999519
3992704
3999517
3999515
3999513
3999507
3999505
3999484
3999471
3994744
3999444
3999443
3999442
3999438
3590780
3999419
3999414
3999411
3999378
3999374
3999373
3999371
3999365
3968215
3968218
3999328
3999305
3999282
3999280
3999256
3999234
3999223
3768942
3950256
3768940
3999215
3999210
3977823
3992071
3999096
3979760
3997558
3997574
3966649
3986128
3985987
3998992
3939472
3995335
3951274
3894733
3895066
3985192
3964645
3971378
3995741
3995719
3995318
3995307
3995304
3989191
3998909
4000256
4000211
4000187
3990700
3952973
3999653
3999651
3999646
3995305
3995320
3781919
3999640
3999635
3967662
3995041
3999625
3999624
3999623
3943749
3943740
3998478
3998491
3999618
3970056
3944436
3999613
3999612
3987252
3852022
3987432
3993595
3993597
3997023
3999604
3953714
3998397
3998413
3998421
3967346
3984551
3999565
3998206
3984535
3999562
3956412
3956414
3956416
3956418
3731056
3923689
3823087
3823091
3821911
3926299
3946602
3953155
3953156
3946593
3827051
3925572
3847280
3841662
3841665
3841667
3890064
3915435
3833617
3971561
3841828
3893354
3819486
3994173
3994187
3994326
3962857
3871359
3994396
3849268
3993603
3993607
3993625
3993627
3967076
3994403
3876062
3994453
3994454
3994459
3994461
3994472
3994485
3994492
3994498
3994505
3994508
3925215
3994516
3994552
3994561
3994565
3994568
3994574
3993812
3993814
3978021
3993830
3967054
3994033
3994039
3994098
3912183
3999022
3999023
3999026
3999032
3999050
3999055
3999058
3974636
3949619
3974623
3974624
3974628
3999153
3999155
3999158
3996553
3999163
3999168
3999169
3999179
3999183
3993831
3999189
3997817
3999193
3999198
3999199
3999112
3999121
3999131
3990188
3999135
3999139
3999141
3987024
3974637
3891943
3916166
3990931
3998990
3998994
3999004
3999018
3999205
3999207
3948754
3999219
3999225
3999229
3997865
3976829
3701717
3163815
3999316
3999317
3999320
3999321
3999325
3999337
3999339
3999341
3999349
3999354
3999359
3999363
3999369
3994010
3996594
3983481
3983503
3983528
3923962
3271332
3983567
3979496
3938854
3973592
3983723
3903995
3903994
3982803
3983099
3983107
1556272
3943815
3979584
3980619
3980601
3485783
3966075
3931317
3931320
3931339
3951677
3999358
3999360
3999367
3994011
3981875
3981873
3998462
3998479
3817025
3998642
3998663
3964525
2978513
3998494
3986090
3903967
3944937
3863365
3998810
3998829
3998837
3998568
3997775
3998570
3979293
3912170
3912169
3998530
3998536
3998543
3403074
3998749
3910862
3927304
3998737
3994469
3981247
3982425
3930329
3930332
3967107
3707349
3966633
3719630
3833615
3827183
3873956
3895362
3914599
3925568
3955939
3974909
3856722
3964523
3975101
3975896
3076979
3979751
3979975
3980023
3977699
3938341
3980334
3995496
3995534
3995555
3995557
3995558
3964395
3995235
3995244
3995279
3845463
2936097
3995377
3995387
3995657
3995716
3995720
3995731
3995768
3995829
3995998
3996002
3996010
3996298
3996302
3954911
3996419
3996433
3995130
3943476
3995176
3995209
3995210
3995224
3738932
3355861
3996273
3984461
3321942
3995922
3995928
3995931
3994087
3968011
3973621
3973624
3643094
3991778
3992041
3992689
3992771
3992781
3912115
3968035
3992139
3992277
3945432
3992390
3992434
3802478
3993051
3993053
3958722
3993738
2649316
3993773
3993813
3978019
3954685
3993847
3969766
3994029
3994036
3993127
3993317
3992556
3993445
3993452
3689491
3993596
3993645
3993684
3906820
3821914
3821912
3961302
3990199
3990265
3991598
3991676
3991677
3991766
3950693
3990909
3971195
3945349
3991363
3990913
3990917
3990986
2454318
3990037
3990043
3983358
3990096
3990097
3990146
3991403
3991452
3991454
3991480
3991542
3971386
3998392
3998419
3998420
3998646
3998647
3998661
3959488
3998531
3714768
3878874
3998502
3998619
3998620
3575439
1861189
3976176
3975799
3825301
3976481
3980301
3980383
3980465
4000280
3981556
3988060
4000426
3988750
4000323
3977696
3183327
4000451
4000449
4000445
4000443
4000441
3850394
3892716
4000425
4000424
4000423
4000418
3994168
3997167
3997168
3997169
3997186
3997192
3981550
4000405
3899614
4000090
4000392
4000391
4000384
4000376
4000374
4000370
4000369
3848581
3919210
3962979
4000360
4000356
4000353
4000351
4000347
4000346
4000343
4000341
3995924
3986011
4000315
4000314
4000304
4000298
4000291
4000290
4000276
3980018
3961423
3966019
3971170
3971168
3600219
3996244
3996243
3931877
3931874
3944034
4000240
4000229
4000228
4000205
3994090
3994647
3962182
4000175
4000173
4000167
4000157
4000144
3994540
3944515
3994543
3982549
3835460
4000132
3951291
3977711
3988896
3981939
3991383
3984514
3978942
3982973
3981350
3981352
3991380
4000122
3907311
4000117
4000112
4000113
3775891
3948971
3994387
3851656
3981551
2842001
4000087
4000083
3257408
3796328
4000080
3932703
4000077
3921696
3981592
3992055
3948416
3997936
3981555
4000038
4000037
3996542
3992017
3999999
3999992
3999959
3998207
3993670
3993678
3983741
3980752
3999928
3978961
3999919
3999918
3999903
3999899
3999893
3999891
3999864
3999847
3999834
3996011
3997748
3997738
3998573
3999807
3999805
3973234
3995962
3995963
3999791
3877333
3943911
3995977
3988523
3995175
3966632
3775489
3944312
3884498
3792686
3898202
3967587
3999746
3999742
3999735
3999730
3999725
3999720
3999716
3999714
3992446
3999711
3999710
3999709
3999707
3999702
3552918
3999700
3999692
3999690
3999687
3999684
3999678
3999672
3999671
3999660
3999658
3999649
3975140
3975451
3975452
3930747
3930745
3975509
3975542
3978632
3978639
3978645
3978660
3869415
3813532
3813534
3978822
3968618
3966359
3966490
3968674
3920178
3814117
3765637
3980013
3844328
3968759
3968671
3968677
3748945
3890345
3748944
3748938
3160207
3748937
3748923
3748924
3979480
3978231
3978278
3978456
3978464
3978476
3978532
3978589
3978592
3978603
3995440
3995483
3995417
3995646
3996006
3996337
3995164
3995195
3995200
3995222
2012027
3996122
3616148
3995926
3995875
3995932
3995938
3860875
3967714
3734021
3967996
3973256
3973601
3973602
3973605
3973804
3973811
3973812
3973885
3973890
3974022
3957970
3628330
3628332
3628334
3909898
3911975
3962778
3962985
3962986
3963071
3963075
3963077
3963079
3963514
1968627
3885830
3719290
3972012
3960885
3969925
3969934
3970018
3970034
3412701
3950607
3658978
3797365
3951049
3951050
3336569
3375189
3881825
3951621
3597461
3810174
3794729
3519231
3340429
3477120
3559618
3559632
3559662
3559666
3965556
3965989
3966244
3875733
3967174
3967177
3967178
3967179
3967180
3967185
3991900
3345400
3993766
3778878
3992642
3644316
3618632
3644795
3645249
3992658
3993400
3993401
3993570
3993612
3860012
3993692
3672134
3960952
3882107
3882103
3911568
2827736
3761662
3761667
3761669
3765669
3765675
3832579
3722047
3765657
3765661
3765684
1961863
3833570
3936715
3910692
3253158
3381230
3441752
3072919
3958895
3958897
3959044
3887276
3916561
3760173
3760186
3760166
3760177
3860101
3887282
3933993
3934099
3852663
3852664
3852666
3856324
3856322
3856325
3882438
3882448
3770991
2272543
3157085
3959537
3959543
3959691
3959832
3959960
2631455
3559676
3983872
3982653
3982659
3982755
3982827
3982856
3983316
3983330
3983408
3983418
3982932
3982977
3983020
3983025
1508048
3983058
3983074
3998033
3998034
3268136
3997968
3997981
3997980
3997751
3997635
3960921
3998046
3998054
3998093
3998097
3979371
3997581
3690959
3868911
3981890
3981942
1772421
3982008
3982014
3982035
3981120
3978605
3978615
3978617
3978620
3978621
3978622
3978623
3978630
3978636
3978671
3813531
3978733
3978776
3971258
3966625
3977151
3977152
3977494
3771007
3973815
3973831
3973891
3833332
3973981
3947675
3947681
3935526
3977684
3977690
3970394
3970409
3968681
3968704
3978958
3890351
3890343
3748940
2849221
3748930
3748931
3748927
3916067
3980240
3980272
3980312
3965588
3965570
3967888
3968624
3968623
2439364
3966629
3966367
3968745
3969021
3969034
3968690
3968731
3995691
3994915
3994922
3958849
3882445
3690922
3995438
3995627
3989827
3994609
3994611
3994613
3994620
3994694
3994700
3994703
3762197
3616149
3096333
3213292
3172447
3148827
3995917
3995921
3995883
3995874
3995892
3995946
3995985
3994722
3995119
3995188
3184570
2939098
2780166
3192431
3612552
3998523
3998524
3713932
3978239
3978253
3978257
3978259
3978295
3978332
3978333
3978452
3978528
3978535
3978537
3978538
3978561
3978573
3978584
3978586
3978591
3986856
3986862
3764730
3986866
3986875
3986879
3986881
3986888
3986890
3986896
3986921
3986990
3986992
3987012
3987016
3987021
3986518
3986522
3986523
3986525
3986527
3986548
3986552
3986660
3644727
3988773
3988783
3988819
3988822
3988826
3988829
3988834
3988526
3988552
3988558
3341481
3987028
3987034
3987061
3987096
3987108
3987147
3987148
3987777
3966612
3966620
3966627
3966628
3966630
3970392
3970415
3970416
3970422
3970424
3970426
3970429
3966436
3966481
3966497
3970462
3966614
3966616
3966618
3966619
3970388
3970395
3970396
3970399
3970403
3970404
3970410
3970411
3970417
3970418
3970419
3970420
3970425
3970427
3966399
3966401
3966414
3966425
3966437
3966440
3966441
3966474
3966486
3966491
3966499
3970470
3970467
3970466
3970432
3966615
3966622
3970390
3970391
3970393
3970398
3970401
3970405
3970414
3970423
3966418
3966424
3966489
3966494
3967892
3971580
3971582
3971594
3971590
3971593
3971603
3971607
3971609
3971626
3967872
3967869
3967866
3967863
3968239
3968238
3968225
3968220
3971254
3971259
3968621
3968216
3968246
3971261
3971601
3971613
3971620
3968232
3968228
3967886
3971263
3971266
3971264
3968211
3968209
3971262
3971260
3971587
3971605
3971610
3971615
3971618
3967884
3967875
3968233
3968230
3968240
3968255
3971270
3965563
3965566
3965579
3965584
3965582
3965586
3921911
3984913
3841937
3961842
3990331
3990328
3990327
3990313
3990311
3980447
3980458
3980450
3988958
3988508
3988504
3988018
3988017
3987869
3987719
3983812
3952027
3983799
3947973
3947966
3947969
3985682
3985699
3985697
3907238
3985118
3942873
3947963
3985063
3985029
3984321
3798309
3948144
3942869
3942862
3963198
3984992
3984567
3984594
3984616
3984683
3895595
3984706
3984718
3984731
3983505
3983512
3983547
3983554
3983590
3983640
3983651
3983665
3984012
3984034
3984044
3984046
3984049
3984058
3984067
3984085
3984087
3984138
3984149
3984150
3984152
3995219
3995223
3366808
3701907
3691084
3995069
3995698
3994411
3994417
3994420
3994427
3994445
3994451
3994460
3994476
3746174
3746176
3994712
3994733
3994530
3994531
3568516
3785317
3669632
3994593
3995437
3995443
3989818
3989813
3989812
3989808
3994612
3994655
3955033
3955035
3955212
2481854
3139356
2808039
3955523
3955526
3955528
3955541
3848010
3614440
3594163
2870361
3949065
3866620
3970017
3970065
3970068
3975077
3975141
3930744
3930743
3958354
3947678
3947682
3977704
3977714
3977787
3941433
3804946
3975508
3709198
3974605
3974619
3974815
3974985
3977003
3977076
3973262
3973569
3973571
3973572
3973814
3973816
3973886
3973888
3973898
3833327
3973980
3993190
3860011
3860009
3514580
3222624
3330919
3993693
3731191
3993706
3993711
3993746
3993878
3993888
3866058
3994048
3822084
3994210
3994065
3994077
1773684
1773694
3929623
1773693
1773689
1773680
1773681
1773676
1773672
3949022
3949028
3949042
3949882
3949880
3949878
3949876
3949868
3861692
3937413
3823488
3932646
3957971
3628331
2915618
3911980
3948805
3964305
3847840
3964567
3964895
3956140
3956143
3711420
3956197
3956199
3956349
3729155
3956506
3956507
3956511
3956831
3956832
3962983
3962984
3963064
3963065
3963078
3625388
3969259
3969586
3887669
3887672
3876191
3964947
3672135
3332824
759761
620381
3882108
3882109
3882106
3882102
3821366
3257311
3965555
3967927
3968646
3992645
3819184
3711832
3036489
3711830
3833176
3886645
3886647
3886651
3886653
3928511
3874158
3379306
3888538
3929732
3929811
3929807
3929936
3929850
3930101
3838005
3930217
3933950
3933953
3933963
3854216
3934103
3852667
3852668
3852672
3934140
3934143
3934164
3909960
3870100
3870105
3856316
3856317
3882436
3885847
3881611
3839903
3890957
3880732
3746429
3746432
2877883
3385331
3385337
2877879
3847884
3898444
3822089
3904619
3927218
3838320
3927655
3886622
3886626
3886628
3886629
3886631
3886635
3886637
3886638
3932386
3790062
3790066
3866806
3932635
3856294
3856296
3856301
3933091
3158604
3159176
3875713
3752181
3724919
3898151
3904621
3832967
2943412
3924274
3667135
3561281
2323549
3155178
2858467
3858053
3899481
3899480
2119759
3409760
3398721
2994791
2860127
1939682
2620137
2994789
1939688
2060272
3924637
3780673
3780679
3894910
3894907
3894900
3926257
3807571
3807573
3882384
3926277
3859336
3859330
3746161
3933401
3852293
3852294
3739666
3739671
3870726
3870710
2062189
3855003
3716255
2493096
3897836
3835671
3835672
3835673
3890623
3882156
3882153
3882152
3882145
3882144
2389051
3878845
2389052
3920745
2630624
3744529
3744534
3921705
3731107
3922087
3865688
2484936
2484935
2570956
3691818
3691821
3180027
3942196
3942562
3942591
3942592
3942715
3948828
3443185
3949314
3949679
3944630
3944860
3985318
3985700
3985701
3984750
3984760
3984768
3984807
3984817
3984898
3985971
3985978
3986027
3986029
3986035
3986055
3984156
3984165
3984167
3984170
3984173
3984188
3984194
3984199
3984213
3984219
3984223
3984229
3984262
3984274
3983671
3983685
3983699
3983870
3983874
3984008
3984010
3988177
3988200
3988218
3988236
3988244
3988278
3988335
3772989
2887357
1568466
3311342
3190511
3988376
3988379
3988405
3888202
2059378
3988421
3988475
3987772
3987782
3985284
3987860
3988095
3988107
3988118
3988141
3987294
3987331
3987346
3987376
3987443
3987447
3987476
3987480
3987487
3987042
3987066
3987068
3987082
3986349
3986381
3986404
3986409
3986422
3986459
3986461
3986485
3986487
3986904
3986928
3986932
3986943
3986955
3986543
3986549
3986831
3986832
3986859
3987626
3987632
3987690
3987693
3987695
3987697
3987700
3919558
3986115
3986116
3986118
3986143
3986177
3986193
3980307
3980309
3965577
3965575
3971268
3971584
3972009
3548336
3548342
3979563
3979581
3920410
3979750
3980014
3980030
3844330
3969016
3968684
3748928
3962711
3979165
3979166
3317606
3979205
3931040
3981122
3961218
3836238
3961712
3971623
3968229
3968264
3966427
3966613
3970400
3966360
3968753
3968738
3968672
3968675
3980779
3962484
3634431
3978652
3813533
3978732
3971592
3966430
3966434
3970408
3713936
3978225
3978270
3978469
3978482
3978503
3978525
3978575
3978596
3996544
3996580
3996727
3996195
3997346
3997339
3997375
3997372
3997398
3997391
3997389
3997387
3997386
3997385
3997382
3997380
3997366
3996036
3616150
3213286
3213290
3638234
3213287
3995909
3995890
3995953
3995968
3995975
3868387
1934953
3997668
3960944
3997713
3996387
3647636
3996405
3997361
3997359
3997355
3997354
3997421
3997423
3997424
3997426
3997559
3997718
3997719
3997647
3997577
2994948
2412695
3819998
3643061
3890505
2772443
3998091
3998169
3998170
3999049
3999102
3998714
3998711
3998712
3998727
3998821
3998849
3998322
3999028
2077725
3886640
3889326
3886625
3881271
3928502
3550250
3929369
3929806
3930075
3936140
1741961
3936593
3936597
3634358
3857175
3832578
3857168
3857169
3629515
3761674
3761685
3761687
3761688
3761694
3761680
3859332
3933384
3933387
3933390
3933391
3739668
3870721
3870742
3870751
3948831
3949119
3805157
3904585
2330801
3943800
3775382
3943896
3943930
3944478
3819695
3944656
3853623
3865615
3865617
3865618
3947176
3912050
3040107
3947617
3947751
1148937
1882891
1148927
2295270
3945987
3921399
3921413
3921407
3921403
3921393
3921387
3685932
3622820
3855013
3855014
3855016
2954009
3622813
3622815
3622817
3766783
3738381
3676446
3766771
3766774
3853282
2605765
3946425
3559609
3597470
3559672
3857233
3597460
3597480
3519232
3951743
3951745
3835303
3489902
3953125
3950608
3950910
3951048
3375110
3881824
3951625
3794727
3810176
3794725
3597463
3597464
2921402
3519229
3315714
2946697
3559594
3953977
3954229
3954363
2484938
2484917
2484937
2484941
3163412
2484943
3915683
3158605
3094460
3752180
3877392
3811691
2943409
3923868
3923867
3630517
3774356
3878617
3879712
3667129
3667130
3667131
3667137
3578870
3924682
3780680
3780655
3780658
3780659
3780675
3780678
3055268
3894892
3894913
3894902
3894891
3917683
3835675
3882157
3882150
3882149
3882147
3920744
3920750
3921042
3744530
3744528
3744531
3921707
3456788
3731108
3885887
2480013
3865689
3904606
3941936
3838542
3599410
3942171
3942195
3942197
3942198
3942563
3928048
3916999
3912073
3940268
3940270
3940670
3940685
3940993
3940995
3423658
2716759
3778120
1991052
3856376
3901914
3943424
3943614
3916849
3920274
2707806
3774021
3674110
3986273
3986276
3986302
3986413
3986430
3986453
3986473
3986509
3986515
3986099
3986108
3986150
3986161
3986179
3986184
3986200
3986245
3984023
3984031
3984037
3984040
3984043
3984048
3984051
3984052
3984075
3984077
3984088
3984128
3984131
3984137
3951631
3951632
3985041
3985386
3985698
3986019
3986043
2657616
3986061
3997363
3997357
3997353
3997427
3997336
3997351
3997348
3997345
3997343
3997377
3997373
3997368
3997397
3997396
3997395
3997394
3997381
3997379
3996957
3996889
3868382
3828305
3860878
3917000
3916992
3916995
3916996
3917003
3912071
3912072
3912068
3940247
3940266
3940366
3940631
3923481
3584195
3760232
2947945
1954518
1954513
3882067
3409314
3609925
1741967
3190125
3936594
3936596
3761657
3761671
3761672
3857165
3857173
3674599
3674601
3761695
3761698
3761701
3761705
3629513
3761675
3761677
3761690
3761691
3761692
3761693
3761673
3941248
3941258
2638818
3398563
2638813
3020984
3444702
3854791
3854809
3854811
3854812
3941458
2768638
1900087
3935464
3349347
3916069
3349346
3282873
3123598
2429218
1915512
3714784
2006489
2410263
1968805
3936070
3936115
3936119
3937853
3849329
1802453
3936053
3871469
3887301
3886850
1772948
3769998
3865343
3865339
3761660
3761668
3761679
3765670
3765674
3765677
3761655
3832577
3832580
3775467
3775468
3775472
3501432
3765663
3765685
3775464
3832581
3761708
3833567
3761653
3832575
3381229
3761190
3594997
2384725
3444809
3828286
3096426
3808170
2546391
3658021
2749293
2158524
3868175
3868184
3939291
3939347
3537227
3376021
1033666
3752191
3939622
3907734
3868384
3868386
3381228
3831977
3831979
3674104
3674115
3694987
3936948
3883291
3857234
3951889
3952167
3763065
3345398
3953113
3953116
3953118
3961635
3836240
3836122
3961709
3955037
3955208
2481847
2784005
3955539
3936511
3936631
2898940
3761699
3857170
3761702
3761707
3761681
3765655
3990194
3990215
3990238
3620202
3990337
3990344
3990349
3959021
3990739
3990876
3991146
3950884
3584138
3990416
3990417
3990458
3885760
3885770
2642768
3991122
3991127
3991129
3858419
3998593
3998512
3790627
2772430
2559520
3990347
3133939
3044899
3968985
3969727
3976040
3976276
3977192
3261949
3903426
3868907
3868908
3628319
3628322
3946731
3981945
3981951
3981978
3982031
3982037
3982067
3982072
3980262
3980440
3980463
3965560
3965572
3971597
3846646
3879912
3982614
3982630
3977707
3982656
3982670
3980876
3981135
3975142
3981472
3968625
3968260
3966438
3970407
3966387
3968762
3969068
3968695
3960307
3980792
3981694
3982712
3982796
3982452
3982457
3982460
3996534
3996498
3996503
3996517
3996730
3977533
3958353
3958352
3958351
3947680
3977641
3977703
3239970
3977791
3933274
3931030
3977954
3977967
3984540
3984570
3984620
3984696
3984724
3984742
3983696
3983697
3947383
3298171
3984014
3983533
3983538
3983543
3983544
3983549
3983550
3983573
3983582
3983678
3983357
3983387
3983402
3983462
3983479
3982927
3984019
3984027
3984039
3984041
3984042
3984050
3984061
3984070
3984071
3984080
3984084
3984091
3984094
3984096
3984100
3984105
3984109
3984110
3984112
3984121
3984164
3984175
3984192
3984201
3984239
3984250
3299625
3982978
3983004
3983007
3983038
3983056
3983064
3983079
3994176
3994920
3785473
3398188
3994416
3994471
3989824
3689960
3628531
1773686
1773671
1773685
1773687
3694989
3360993
3883306
3844730
1912153
1912159
3027109
2884547
972842
1912157
3036488
3036487
2801987
3834994
3937482
3937503
3937555
3917089
1954512
3854784
2638816
3176787
2461219
3882244
3854814
3854817
3854818
3941451
3849322
3937904
1802463
1703165
1703158
1703161
1703162
3592739
3938236
3846910
3846909
3846906
3871472
2007594
2007588
3871471
2007591
3524402
3770000
2007593
3865331
2051093
3130777
3939294
3903175
3635208
3376024
2728871
2728953
3752192
3376018
3752189
3890992
3253831
3901280
3865342
3938756
3938805
3930449
3876542
3444808
3670925
2614930
3877840
3745407
2158533
3938969
3868181
3868182
3868186
3761684
3761659
3761663
3761665
3722045
3722046
3808209
3765680
3765682
3775462
3775465
3832583
3910691
3910690
3969921
3969922
3969924
3969927
3969930
3969931
3969945
3970072
3963062
3963067
3963069
3963072
3963074
3963076
3963596
3963726
3963727
3964308
3964518
3970751
3970858
3970835
3974945
3974946
3974947
3968786
3969639
3967914
3967922
3967928
3967994
3876196
3965098
3965133
3960882
3960874
3806269
3975143
3969444
3930746
3930741
2494910
3975507
3975543
3975561
3808030
3966249
3966548
3966793
3966820
3967170
3901263
3993615
3993617
3785314
3689952
3669635
3993815
3993861
3993985
3994008
3994034
3994067
3889014
3994110
1773688
1773691
3993698
3993723
3993739
3929622
1773692
1773695
1773690
1773675
1773673
1773674
3998291
3999039
3998297
3999072
3999091
3998946
3761357
3548333
3972179
3972883
3983447
3983491
3983520
3983529
3983542
3983552
3983553
3983555
3983599
3983615
3983632
3983647
2540691
3920184
3979558
3765638
2429249
3980007
3980008
3983708
3983727
3999043
3998908
3990915
3998363
3998806
3998800
3998797
3998914
3998784
3998786
3998787
3998705
3998726
3998723
3998721
3911306
3996604
3999119
3860882
3869909
3852327
3997814
3997832
3997847
3997869
3997055
3998332
3998355
3998378
3998379
3998014
3997971
3998041
3998048
3998184
3998190
3998193
3998218
3998214
3998251
3998165
3998161
3858416
3858418
3959987
3959984
3612549
3819145
2780170
3990319
3997976
3997974
3998659
3998588
3998590
3998754
3998224
3998756
3998759
3998765
3998778
3998563
3998538
3998539
3963033
3964288
3978847
3828800
3821437
3866800
3866815
3790065
3866656
1706680
3258266
3863261
3863263
3863264
3856297
3856299
3898421
3933094
1802436
1802471
1802434
1703160
1703159
3936054
3936052
2478255
3871466
2007600
3865341
3865338
3865336
3865335
3897378
3882411
3933393
3933398
3852291
3739663
3870738
3870756
3870702
2688290
3601411
3747110
3933931
3674105
3674101
3774019
3674130
1912158
2787297
2801988
2764098
3937484
3937485
3917090
3913860
3616411
3874027
2811654
3123612
1939655
2429211
3935516
2620104
3935591
3811232
2006491
1915516
3714801
3287644
1907399
3609928
3673710
3897247
3155177
3447330
2858457
3831902
3246780
3856465
3878604
3878605
3878606
3760097
1900069
1939681
1119997
3627211
1900067
3237318
3444818
2888161
3444815
3403185
3761634
3943422
3943426
3943514
3685193
3685185
3681402
3681406
3498635
2624535
1860056
3867325
3944859
2415210
3941787
3941892
3941941
3941214
3941257
2638812
1888349
2509927
3398557
2638817
3910724
3854808
3854810
3854813
3854815
3854790
3882415
3882418
3882423
3866615
3876543
3714500
3761196
3289570
3938932
3858774
3858775
3999108
3999212
3761372
3761373
3761375
3386083
3998988
3943845
3994998
3967800
3998963
3998941
3892110
3998474
3987890
3985814
3975456
3995511
3995541
3995542
3995543
3995546
3995710
3995879
3995863
3995864
3995945
3995431
3995467
3995669
3997190
3996915
3997108
3997113
3997114
3997117
3997120
3996991
3997000
3997070
3997159
3997166
3997268
3997270
3997271
3997331
3997330
3997326
3997323
3997322
3997333
3997051
3997059
3997061
3997031
3997040
3997038
3997043
3997044
3996204
3996111
3996105
3996197
3996199
3996203
3996209
3996207
3996206
3996054
3996062
3996395
3996410
3996408
3996431
3996438
3990022
3997511
3997513
3997554
3997770
3997769
3997765
3997646
3997603
3997649
3997601
3997606
3996625
3996602
3996844
3996816
3996772
3996774
3996677
3996780
3996779
3996773
3996735
3968597
3995329
3994279
3995302
3995006
3992022
3771485
3248673
3978399
3981357
3997641
3997652
3997653
3997294
3997308
3997315
3997321
3997335
3997112
3997767
3996656
3997441
3997481
3996729
3997227
3997519
3997037
3997078
3997607
3947301
3975428
3994494
3994732
3996615
3996769
3996770
3996776
3996726
3996815
3996686
3996846
3996849
3996538
3996683
3996659
3996132
3996128
3996164
3996160
3996107
3996201
3996202
3996211
3996212
3996216
3996217
3996222
3996210
3996103
3996414
3996430
3996037
3995949
3995956
3995586
3995587
3995538
3995545
3995309
3995334
3995340
3996968
3996967
3996970
3996971
3997030
3997033
3997039
3996775
3997081
3996979
3996930
3997162
2485741
3917682
3996478
3996360
3996411
3996409
3996417
3996432
3996434
3996435
3996617
3996614
3882250
3996914
3996932
3996728
3996685
3996843
3996861
1773683
1773677
1773682
1773679
1773678
3929621
3998815
3998734
3998789
3998770
3998776
3998781
3998223
3998704
3998708
3998725
3998719
3998713
3998717
3989225
3999007
3024855
3998729
3998730
3998240
3998847
3837517
2117395
3807376
3986100
3986119
3986122
3986124
3986133
3986205
3987045
3987063
3987072
3987104
3987131
3987160
3987164
3987170
3986272
3986274
3986284
3986366
3986375
3986407
3986410
3986416
3986436
3986440
3986468
3940409
3986479
3986488
3986493
3986499
3986500
1918035
3915843
2793335
3985330
3986870
3986889
3986907
3986917
3986919
3987008
965225
3986528
3986531
3986545
3757439
3372287
3764729
3981920
3986842
3986843
3984870
3984894
3984899
3984905
3984929
3985985
3986064
3998126
3998075
3998076
3998092
3998031
3997985
3997984
3997978
3998183
3998195
3998196
3998199
3998222
3998252
3998198
3998098
3998337
3998087
3998352
3883375
3997818
3997864
3997677
3997808
3613181
3718708
3982083
3982105
3982109
3982117
3982120
3982123
3982129
3987519
3987625
3987677
3987679
3987684
3987686
3987698
3987710
3987711
3987713
3987715
3987723
3987732
3988911
3566832
3989013
3989033
3989047
3989062
3989117
3989129
3989186
3989193
3989203
3987791
3987807
3987843
3987857
3988127
3988146
3988159
3988160
3988161
3987291
3987327
3987337
3987439
3987465
3987482
3987502
3989340
3989343
3988810
3988185
3988263
3941349
3988327
3988390
1137
2551722
3988414
3988456
3988482
3988491
3988493
2617940
3988841
3988848
3988867
3988880
3997350
3997347
3997341
3997340
3997378
3997376
3997374
3997367
3997392
3997390
3997388
3997384
3997383
3997365
3997360
3997155
3997632
3997337
3997419
3999138
2315750
2713871
2546393
2158531
3868176
3868177
3868179
3868180
3939021
2501426
3840898
1840682
3635214
3560003
3292851
3939632
3890991
3901281
3758973
3907736
1149035
1148906
1148913
1882896
1882887
2392137
3945727
3945798
3945872
3921406
3921404
3921392
3622821
3738382
3685931
3622814
3622823
3921422
3622811
3249622
3941167
3600632
3766789
3766781
3738379
3738380
3738387
3754924
3853292
3853299
3853309
3875399
3719470
3914880
3861370
3867715
3835670
3711617
3890628
3890620
3692021
3882155
3882143
3804656
2877886
2877878
3385333
2877877
3930713
3930804
3667132
3924548
3780682
3780653
3780656
3180795
3894914
3894903
3894897
3894893
1146299
3920748
3921043
3221751
3745072
3840793
3921602
3921603
2069549
3456790
2773235
2028251
2708120
3227648
2623933
3865687
3922184
2839109
3875716
3752175
3752184
3752185
3839251
2300313
1949533
3715648
3923863
3923959
3924045
3923512
3923504
3923502
3870094
3923497
3927193
3927290
3230266
3886632
3889325
3605038
3928505
3928668
3888540
3888537
3929845
3929854
3888590
3854822
3946955
3946960
3946970
3946971
3946975
2843075
3766767
2056264
2843074
2789021
2789024
2789023
3887470
3947627
3947629
3947630
3948746
3950203
3950207
2330802
3949124
3949024
3949036
3949038
3949051
3949869
3910498
3956070
3381466
3758721
3697281
3953776
3855012
3855015
3953966
3956172
3768178
3922259
3956509
3956512
3956513
3956723
3956736
3956833
3960610
3580202
3298983
2521367
3638837
3568979
3960923
2577347
3974618
3974673
3974679
3963028
3975049
3701135
3963778
3964516
3964519
3964520
3876193
3972122
3917087
3970870
3970868
3970866
3972180
3972370
3921059
3975075
3996862
3997064
3997085
3996969
3997029
3997032
3996990
3996905
3996897
3995539
3995563
3997184
3997187
3997191
3997230
3997314
3997316
3997317
3997318
3997319
3997320
3997328
3997344
3997463
3997109
3997111
3997116
3997118
3997119
3997121
3997137
3997480
3997515
3993718
3994487
3997602
3997768
3997766
3997604
3911484
3996109
3996198
3996200
3996213
3996214
3996218
3996220
3996223
3996221
3996208
3996130
3996166
3996237
3996008
3996041
3996057
3996060
3996067
3996048
3995918
3995951
3995952
3995955
3997469
3837852
3989947
3736527
3996258
3978040
3996193
3840259
3840258
3994506
3921853
3987612
3921854
3994308
3994317
3994319
3995572
3994674
3987259
3992944
3994166
3880929
3994141
3994136
3922734
3994051
3755237
3993219
3993169
3992850
3992699
3840255
3960593
3960594
3969055
3969057
3969070
3969085
3969095
3968698
3968686
3968724
3968706
3968725
3968743
3968736
3969019
3969054
3969056
3969073
3969075
3969080
3969082
3969088
3969092
3969097
3969099
3968665
3968696
3968721
3968715
3968691
3968688
3968734
3969017
3969059
3969072
3969076
3969078
3969093
3968673
3968683
3968668
3968666
3968711
3968709
3968689
3968718
3968732
3969020
3969033
3969044
3969045
3969046
3969053
3968755
3968860
3968862
3969028
3969047
3969048
3968750
3969005
3969013
3969024
3969032
3968727
3968756
3968859
3969003
3969007
3969010
3990597
3991300
3838710
3991212
3840260
3840256
3966385
3966374
3966394
3966381
3966378
3966433
3966395
3966393
3966347
3966384
3966356
3966432
3966397
3966391
3966390
3966388
3966345
3966349
3966344
3966338
3966354
3966352
3966362
3966342
3966341
3970431
3970464
3970459
3970435
3618631
3618634
3991145
3345393
3345394
3992152
3992440
3992451
3991071
1936731
3754982
3991038
3966783
3966825
3967175
3967176
3967297
3868909
3781102
3981848
3981860
3981896
3981988
1772420
1772419
3982026
3982034
3982050
3888113
3900529
3982558
3982567
3982578
3982586
3982625
3982637
3982639
3983267
3983281
3983302
3983310
3983324
3983336
3983350
3983372
3983380
3983395
3983436
3982061
3982068
3982095
3982115
3982147
3982164
3982914
3982933
3379156
3982693
3846737
3982795
3982864
3982993
3983030
3983076
3983084
3983085
3982984
3982986
3989342
3989370
3989691
3988869
3988876
3988983
3566829
3989034
3989041
3989048
3989072
3989103
3989108
3989120
3988798
3988815
3988818
3988836
3988837
3988503
3988564
2617941
3023756
3990734
3990880
3990398
3990465
3990466
3885766
3811708
3720905
3072241
2642791
3990498
3990223
3990268
3386966
3990353
3990359
3988840
3942995
3772017
3681404
3681408
3563401
3766791
3766777
3766786
3676449
3853312
3665419
3853288
3853290
3853305
3853308
3875404
3875401
3875400
3875398
3946214
3899425
3946598
3914876
1148918
3692549
1882895
3707278
2295253
2295252
2295256
2295265
3921415
3921396
3921408
3921419
3921411
3921405
3921397
3921391
3685933
3559598
3559642
3857232
3597472
3597477
3597478
3952372
2664933
1201
3897244
3345392
3953120
3915642
3881822
3881802
3951387
3810179
3597462
3810175
3276016
3163124
3276022
3276029
3519234
3559614
3946972
3947034
3947198
3947401
3288183
3191227
2954006
3821915
3958936
3958937
3959026
3959047
3918426
3760156
3760185
3822085
3760167
3760172
3760184
3760165
3860103
3887262
3960267
3960405
3870986
617238
1961860
3987797
3987821
3988084
3988144
3988148
3988153
3987578
3987580
3987671
3987699
3987703
3987712
3940456
3988169
3988184
3988212
3988239
3935163
3350600
2887355
3605485
3988409
2466074
3934829
3987460
3987469
3987475
3998191
3998194
3998200
3998221
3998166
3998163
3998513
3998483
3998121
3998329
3998127
3998084
3998375
2015186
3992116
3992123
3992124
3992125
3992126
3844333
3844326
3980057
3980184
3980218
3992721
3991126
3991128
3992644
3834391
3665923
3991590
1936735
3812016
3991719
3998807
3998795
3998808
3998768
3998773
3998775
3998777
3998205
3998788
3998703
3998706
3998720
3998716
3998709
3998710
3998728
3998863
3998888
3998731
3998735
3998742
3998561
3998592
1963816
3302468
2559516
3550137
3143488
3808860
3890508
3741520
3881846
3053406
2772433
2958647
3982056
3982075
3982087
3982096
3982098
3982112
3982136
3982152
3982169
3982276
3989204
3989344
3989347
3989348
3989414
3989442
3990390
3990393
3990404
3990414
3990421
3758132
3885763
3885772
3720910
3109804
3990497
3990510
3990875
3990877
3990879
3988890
3988906
3988987
3989017
3989039
3989057
3989086
3989087
3989089
3989094
3989177
3989965
3990100
3328726
3990108
3991053
3991119
3990279
3990340
3990360
3990361
3895662
3991036
3988850
3949191
3996578
3996581
3996597
3996529
3996678
3987125
3996025
3996361
3718709
3924240
3943490
3982458
3982515
3846642
3982557
3982559
3982560
3982611
3982618
3982646
3984154
3984169
3984178
3984184
3984230
3984244
3984248
3984259
3811791
3984528
3984599
3984627
3984636
3984670
3984675
3984687
3984710
3984826
3984833
3984858
3984895
3984911
3984927
3984928
3984931
3986250
3986262
3986270
3999582
3807206
3684296
4000366
3129362
3684303
3995718
4000295
4000289
3986820
1781188
3825609
3829371
3825598
3825600
3825627
3985147
3985112
2823022
3942388
3779200
3758170
3768254
3811469
3989359
3999988
3972002
3973806
3840257
3949100
3949069
3949098
3949089
3949121
3949114
3949085
3949027
3949872
3949110
3999910
3999901
3999895
3999888
3999884
3999879
3999876
3999869
3999866
3999861
3999859
3999858
3999745
3999737
3999723
3953285
3846314
2827731
3961708
3961710
3351859
3822664
3035835
3956141
3767368
3768183
3565730
3956198
3956508
3956510
3956834
3956835
3955036
3955209
3604251
2814418
3955525
3902842
3481359
3957081
3957615
3051548
3960607
3960612
3163120
617235
3949033
3949879
3949874
3949871
3906843
3959468
3959495
3959539
3959548
3959959
3958933
3958934
3171576
3486661
3959057
3959061
3916556
3760180
3760181
3760182
3760178
3760171
3887284
1899778
1497591
3858345
140184
3960929
3960932
2577357
3960955
3961029
3882105
3882104
3821370
3821369
3599425
3888591
3880733
3746489
3746521
3385338
3930414
3930552
3932155
3911682
3338747
3587384
3923495
3883933
3838318
3548644
3886623
3886627
3886634
2595234
2060288
3242209
1939656
1939673
3019398
3872813
3895640
1915519
3714789
3714779
1917258
1968804
3777582
1968806
3936072
3936087
3936099
3936101
3936102
3936117
3069307
3447328
2870362
3935148
3935150
2103901
2558689
3878603
3370461
3872329
2994790
1900083
1939694
2490977
3760099
3760098
3932373
3911254
3932659
3229631
3624520
2460526
3720831
3863262
3877311
3854214
3854215
3934093
3934112
3852658
3852661
3852674
3909953
3856321
3882441
3882452
3771232
2077727
3212337
